0	2
1	1
2	1
3	1
4	2
5	1
6	2
7	1
8	5
9	2
10	2
11	1
12	1
13	4
14	1
15	2
16	1
17	2
18	1
19	2
20	1
21	1
22	1
23	2
24	1
25	1
26	1
27	1
28	2
29	1
30	2
31	2
32	2
33	2
34	1
35	5
36	1
37	1
38	1
39	1
40	2
41	2
42	1
43	1
44	1
45	1
46	2
47	2
48	2
49	1
50	1
51	2
52	2
53	1
54	1
55	1
56	1
57	2
58	1
59	1
60	1
61	2
62	2
63	1
64	2
65	1
66	2
67	2
68	2
69	2
70	4
71	2
72	2
73	2
74	1
75	1
76	1
77	2
78	1
79	2
80	1
81	1
82	1
83	1
84	2
85	2
86	1
87	2
88	1
89	1
90	1
91	1
92	1
93	1
94	1
95	5
96	2
97	1
98	2
99	4
100	1
101	2
102	2
103	2
104	2
105	4
106	2
107	2
108	1
109	1
110	1
111	2
112	2
113	2
114	5
115	1
116	1
117	1
118	1
119	1
120	1
121	1
122	1
123	1
124	1
125	1
126	1
127	1
128	1
129	1
130	2
131	1
132	2
133	2
134	2
135	1
136	5
137	1
138	5
139	1
140	2
141	1
142	1
143	2
144	1
145	1
146	2
147	1
148	1
149	1
150	2
151	2
152	1
153	1
154	2
155	1
156	2
157	1
158	2
159	1
160	1
161	1
162	1
163	2
164	1
165	1
166	1
167	1
168	1
169	1
170	1
171	1
172	1
173	1
174	1
175	5
176	2
177	1
178	1
179	1
180	2
181	1
182	2
183	1
184	1
185	1
186	1
187	1
188	1
189	2
190	2
191	2
192	1
193	1
194	2
195	1
196	1
197	5
198	2
199	1
200	1
201	1
202	1
203	1
204	1
205	1
206	1
207	1
208	2
209	1
210	5
211	2
212	1
213	2
214	1
215	2
216	1
217	1
218	1
219	1
220	1
221	1
222	1
223	1
224	1
225	1
226	1
227	1
228	2
229	1
230	5
231	1
232	2
233	2
234	2
235	2
236	1
237	1
238	2
239	2
240	1
241	2
242	1
243	2
244	5
245	1
246	2
247	2
248	1
249	1
250	1
251	1
252	5
253	1
254	2
255	1
256	1
257	1
258	1
259	1
260	1
261	1
262	1
263	5
264	2
265	1
266	1
267	1
268	5
269	1
270	1
271	1
272	1
273	1
274	1
275	1
276	2
277	1
278	2
279	1
280	1
281	1
282	1
283	1
284	1
285	1
286	2
287	1
288	1
289	1
290	1
291	2
292	1
293	1
294	1
295	1
296	2
297	1
298	2
299	1
300	1
301	2
302	2
303	2
304	1
305	2
306	1
307	1
308	2
309	1
310	2
311	1
312	2
313	1
314	1
315	1
316	1
317	5
318	1
319	2
320	1
321	5
322	2
323	1
324	1
325	2
326	1
327	1
328	2
329	1
330	1
331	1
332	1
333	1
334	1
335	2
336	1
337	2
338	2
339	1
340	2
341	1
342	1
343	2
344	1
345	2
346	1
347	1
348	1
349	1
350	2
351	4
352	1
353	1
354	2
355	1
356	1
357	4
358	2
359	1
360	1
361	1
362	1
363	1
364	2
365	1
366	5
367	1
368	1
369	1
370	2
371	1
372	1
373	1
374	1
375	1
376	1
377	1
378	1
379	1
380	1
381	1
382	1
383	1
384	1
385	1
386	1
387	4
388	1
389	2
390	1
391	1
392	2
393	1
394	2
395	2
396	1
397	1
398	2
399	1
400	1
401	2
402	2
403	2
404	1
405	1
406	2
407	2
408	2
409	1
410	1
411	1
412	2
413	1
414	1
415	1
416	1
417	1
418	1
419	1
420	2
421	1
422	2
423	1
424	1
425	1
426	1
427	1
428	1
429	1
430	1
431	2
432	1
433	1
434	1
435	1
436	2
437	1
438	1
439	1
440	1
441	1
442	1
443	1
444	1
445	1
446	1
447	1
448	1
449	2
450	2
451	1
452	1
453	2
454	1
455	2
456	5
457	2
458	2
459	2
460	1
461	1
462	5
463	1
464	1
465	1
466	1
467	2
468	1
469	1
470	1
471	2
472	2
473	5
474	1
475	1
476	2
477	1
478	1
479	1
480	1
481	1
482	2
483	2
484	1
485	2
486	2
487	1
488	1
489	1
490	1
491	2
492	1
493	6
494	1
495	2
496	2
497	1
498	2
499	1
500	2
501	1
502	1
503	1
504	1
505	1
506	1
507	1
508	1
509	1
510	1
511	1
512	1
513	1
514	1
515	4
516	1
517	1
518	2
519	2
520	1
521	1
522	1
523	1
524	2
525	1
526	2
527	1
528	1
529	1
530	2
531	1
532	2
533	2
534	1
535	1
536	1
537	1
538	1
539	1
540	2
541	1
542	2
543	1
544	1
545	1
546	1
547	1
548	2
549	1
550	1
551	1
552	1
553	1
554	1
555	1
556	1
557	1
558	1
559	1
560	1
561	1
562	2
563	1
564	1
565	1
566	1
567	1
568	1
569	2
570	1
571	2
572	1
573	5
574	1
575	1
576	2
577	2
578	5
579	1
580	1
581	1
582	1
583	1
584	1
585	1
586	2
587	1
588	1
589	1
590	5
591	2
592	2
593	4
594	1
595	1
596	1
597	1
598	2
599	1
600	1
601	2
602	1
603	1
604	1
605	1
606	1
607	1
608	1
609	2
610	1
611	1
612	1
613	5
614	2
615	1
616	1
617	1
618	1
619	1
620	1
621	1
622	1
623	1
624	1
625	1
626	2
627	1
628	1
629	1
630	1
631	2
632	1
633	1
634	1
635	2
636	1
637	1
638	1
639	1
640	2
641	2
642	1
643	1
644	5
645	1
646	1
647	1
648	1
649	1
650	1
651	1
652	2
653	1
654	2
655	2
656	1
657	1
658	2
659	1
660	1
661	2
662	1
663	1
664	5
665	1
666	1
667	2
668	1
669	1
670	1
671	1
672	2
673	2
674	2
675	1
676	1
677	1
678	1
679	2
680	2
681	1
682	1
683	1
684	2
685	1
686	1
687	2
688	2
689	1
690	1
691	1
692	1
693	1
694	1
695	1
696	1
697	2
698	5
699	2
700	1
701	1
702	1
703	1
704	1
705	1
706	1
707	1
708	1
709	1
710	1
711	6
712	5
713	2
714	1
715	1
716	4
717	1
718	1
719	1
720	2
721	2
722	1
723	2
724	1
725	1
726	1
727	1
728	2
729	1
730	1
731	1
732	2
733	1
734	1
735	1
736	1
737	1
738	2
739	1
740	1
741	1
742	1
743	1
744	1
745	2
746	1
747	2
748	2
749	1
750	2
751	5
752	1
753	2
754	1
755	1
756	1
757	1
758	1
759	1
760	1
761	1
762	1
763	1
764	2
765	1
766	1
767	2
768	2
769	1
770	2
771	1
772	1
773	1
774	5
775	2
776	1
777	2
778	2
779	1
780	2
781	2
782	1
783	5
784	1
785	1
786	2
787	1
788	2
789	1
790	1
791	1
792	2
793	1
794	2
795	1
796	1
797	1
798	1
799	2
800	2
801	2
802	1
803	2
804	5
805	1
806	1
807	2
808	1
809	1
810	1
811	1
812	1
813	2
814	1
815	2
816	1
817	1
818	5
819	1
820	1
821	1
822	2
823	1
824	1
825	1
826	2
827	2
828	1
829	1
830	1
831	1
832	1
833	1
834	1
835	1
836	2
837	1
838	1
839	1
840	1
841	2
842	2
843	1
844	5
845	1
846	2
847	1
848	1
849	2
850	2
851	2
852	1
853	1
854	1
855	1
856	1
857	1
858	2
859	3
860	1
861	1
862	2
863	1
864	1
865	1
866	1
867	2
868	1
869	1
870	1
871	2
872	1
873	1
874	1
875	1
876	2
877	2
878	2
879	1
880	1
881	5
882	1
883	1
884	2
885	3
886	1
887	1
888	1
889	1
890	1
891	1
892	1
893	1
894	1
895	1
896	1
897	1
898	1
899	2
900	2
901	1
902	1
903	1
904	2
905	2
906	1
907	1
908	1
909	2
910	1
911	2
912	1
913	2
914	1
915	1
916	1
917	1
918	2
919	5
920	1
921	2
922	1
923	1
924	1
925	1
926	1
927	1
928	1
929	2
930	2
931	2
932	1
933	2
934	2
935	1
936	1
937	1
938	2
939	1
940	1
941	1
942	1
943	1
944	1
945	1
946	1
947	1
948	1
949	1
950	1
951	1
952	1
953	1
954	1
955	2
956	1
957	2
958	2
959	2
960	1
961	2
962	1
963	1
964	1
965	2
966	2
967	1
968	1
969	1
970	1
971	1
972	2
973	2
974	1
975	2
976	1
977	1
978	1
979	2
980	1
981	1
982	5
983	2
984	1
985	1
986	1
987	1
988	2
989	1
990	1
991	1
992	1
993	2
994	1
995	1
996	1
997	2
998	1
999	1
1000	1
1001	1
1002	1
1003	1
1004	1
1005	2
1006	2
1007	1
1008	1
1009	2
1010	2
1011	2
1012	1
1013	1
1014	2
1015	1
1016	2
1017	2
1018	1
1019	2
1020	1
1021	1
1022	1
1023	1
1024	1
1025	2
1026	1
1027	1
1028	1
1029	2
1030	1
1031	2
1032	5
1033	1
1034	2
1035	1
1036	1
1037	1
1038	2
1039	1
1040	1
1041	1
1042	1
1043	1
1044	1
1045	1
1046	1
1047	1
1048	5
1049	1
1050	1
1051	1
1052	1
1053	1
1054	1
1055	1
1056	1
1057	1
1058	1
1059	2
1060	1
1061	1
1062	2
1063	2
1064	1
1065	5
1066	1
1067	1
1068	1
1069	1
1070	1
1071	2
1072	2
1073	1
1074	1
1075	1
1076	1
1077	1
1078	1
1079	2
1080	1
1081	2
1082	1
1083	2
1084	1
1085	1
1086	1
1087	1
1088	2
1089	1
1090	2
1091	2
1092	1
1093	1
1094	2
1095	1
1096	1
1097	2
1098	1
1099	5
1100	2
1101	1
1102	5
1103	1
1104	1
1105	2
1106	1
1107	1
1108	1
1109	1
1110	1
1111	2
1112	1
1113	1
1114	1
1115	1
1116	1
1117	1
1118	2
1119	1
1120	1
1121	1
1122	2
1123	1
1124	2
1125	1
1126	2
1127	1
1128	1
1129	1
1130	1
1131	2
1132	1
1133	1
1134	1
1135	5
1136	1
1137	1
1138	2
1139	1
1140	1
1141	1
1142	1
1143	1
1144	2
1145	1
1146	1
1147	1
1148	1
1149	1
1150	1
1151	1
1152	5
1153	1
1154	1
1155	1
1156	1
1157	1
1158	1
1159	2
1160	1
1161	1
1162	1
1163	1
1164	2
1165	2
1166	5
1167	5
1168	1
1169	1
1170	1
1171	2
1172	1
1173	1
1174	2
1175	1
1176	5
1177	1
1178	1
1179	1
1180	1
1181	1
1182	2
1183	1
1184	1
1185	1
1186	2
1187	1
1188	1
1189	1
1190	2
1191	1
1192	2
1193	1
1194	1
1195	2
1196	1
1197	2
1198	1
1199	2
1200	5
1201	2
1202	1
1203	1
1204	2
1205	1
1206	1
1207	2
1208	2
1209	1
1210	1
1211	1
1212	1
1213	2
1214	1
1215	1
1216	1
1217	1
1218	1
1219	1
1220	1
1221	1
1222	1
1223	1
1224	1
1225	1
1226	2
1227	1
1228	2
1229	1
1230	1
1231	5
1232	1
1233	1
1234	1
1235	2
1236	2
1237	2
1238	1
1239	1
1240	2
1241	2
1242	1
1243	1
1244	1
1245	1
1246	1
1247	2
1248	2
1249	1
1250	1
1251	2
1252	2
1253	1
1254	1
1255	2
1256	1
1257	1
1258	1
1259	1
1260	1
1261	1
1262	2
1263	1
1264	1
1265	1
1266	1
1267	1
1268	2
1269	1
1270	1
1271	1
1272	1
1273	2
1274	1
1275	1
1276	2
1277	2
1278	1
1279	1
1280	2
1281	2
1282	1
1283	1
1284	1
1285	2
1286	3
1287	1
1288	2
1289	1
1290	1
1291	1
1292	2
1293	1
1294	1
1295	2
1296	2
1297	2
1298	1
1299	1
1300	1
1301	1
1302	2
1303	1
1304	1
1305	1
1306	1
1307	1
1308	1
1309	1
1310	1
1311	2
1312	1
1313	1
1314	1
1315	1
1316	1
1317	5
1318	1
1319	5
1320	1
1321	1
1322	1
1323	2
1324	1
1325	2
1326	1
1327	1
1328	2
1329	1
1330	1
1331	5
1332	2
1333	1
1334	1
1335	1
1336	1
1337	1
1338	1
1339	5
1340	2
1341	1
1342	1
1343	1
1344	1
1345	1
1346	2
1347	1
1348	2
1349	2
1350	1
1351	1
1352	1
1353	1
1354	1
1355	1
1356	2
1357	1
1358	1
1359	4
1360	2
1361	1
1362	5
1363	1
1364	2
1365	1
1366	2
1367	1
1368	2
1369	2
1370	1
1371	5
1372	1
1373	2
1374	1
1375	1
1376	1
1377	1
1378	2
1379	2
1380	2
1381	1
1382	1
1383	2
1384	1
1385	1
1386	1
1387	1
1388	2
1389	2
1390	1
1391	1
1392	2
1393	1
1394	1
1395	1
1396	1
1397	1
1398	1
1399	2
1400	1
1401	2
1402	2
1403	1
1404	1
1405	1
1406	1
1407	1
1408	1
1409	1
1410	5
1411	1
1412	1
1413	1
1414	5
1415	1
1416	1
1417	1
1418	1
1419	1
1420	1
1421	1
1422	1
1423	1
1424	2
1425	2
1426	1
1427	2
1428	1
1429	1
1430	2
1431	2
1432	1
1433	2
1434	1
1435	1
1436	3
1437	2
1438	1
1439	1
1440	4
1441	1
1442	1
1443	1
1444	1
1445	1
1446	1
1447	2
1448	2
1449	1
1450	2
1451	1
1452	2
1453	1
1454	2
1455	1
1456	1
1457	2
1458	1
1459	1
1460	1
1461	2
1462	1
1463	1
1464	2
1465	1
1466	2
1467	1
1468	1
1469	1
1470	1
1471	2
1472	1
1473	1
1474	1
1475	1
1476	1
1477	1
1478	1
1479	2
1480	2
1481	1
1482	2
1483	1
1484	2
1485	1
1486	1
1487	1
1488	2
1489	1
1490	1
1491	1
1492	2
1493	3
1494	1
1495	1
1496	1
1497	1
1498	1
1499	1
1500	1
1501	1
1502	2
1503	1
1504	5
1505	1
1506	1
1507	2
1508	1
1509	2
1510	2
1511	1
1512	1
1513	2
1514	1
1515	2
1516	1
1517	2
1518	1
1519	1
1520	1
1521	1
1522	2
1523	2
1524	1
1525	1
1526	2
1527	2
1528	2
1529	1
1530	1
1531	1
1532	2
1533	2
1534	1
1535	2
1536	1
1537	1
1538	1
1539	1
1540	1
1541	1
1542	1
1543	1
1544	1
1545	1
1546	2
1547	1
1548	5
1549	1
1550	1
1551	1
1552	2
1553	5
1554	3
1555	1
1556	1
1557	1
1558	1
1559	1
1560	1
1561	1
1562	5
1563	1
1564	2
1565	1
1566	1
1567	1
1568	1
1569	4
1570	1
1571	1
1572	2
1573	1
1574	1
1575	1
1576	1
1577	1
1578	2
1579	2
1580	1
1581	1
1582	2
1583	1
1584	1
1585	1
1586	2
1587	2
1588	2
1589	2
1590	1
1591	1
1592	1
1593	1
1594	1
1595	1
1596	1
1597	1
1598	1
1599	2
1600	1
1601	1
1602	2
1603	1
1604	1
1605	2
1606	1
1607	1
1608	1
1609	1
1610	1
1611	2
1612	1
1613	2
1614	1
1615	1
1616	1
1617	1
1618	2
1619	1
1620	1
1621	2
1622	1
1623	2
1624	1
1625	1
1626	2
1627	1
1628	1
1629	2
1630	2
1631	1
1632	1
1633	2
1634	2
1635	2
1636	1
1637	1
1638	1
1639	1
1640	1
1641	2
1642	1
1643	1
1644	3
1645	2
1646	5
1647	1
1648	1
1649	2
1650	1
1651	1
1652	1
1653	5
1654	2
1655	2
1656	1
1657	1
1658	2
1659	1
1660	1
1661	2
1662	1
1663	2
1664	1
1665	1
1666	1
1667	2
1668	1
1669	1
1670	1
1671	2
1672	1
1673	1
1674	1
1675	2
1676	2
1677	1
1678	2
1679	1
1680	2
1681	1
1682	1
1683	2
1684	5
1685	4
1686	1
1687	1
1688	1
1689	1
1690	2
1691	1
1692	1
1693	1
1694	1
1695	1
1696	2
1697	1
1698	1
1699	1
1700	2
1701	1
1702	2
1703	1
1704	2
1705	1
1706	2
1707	1
1708	2
1709	1
1710	1
1711	2
1712	2
1713	1
1714	5
1715	1
1716	2
1717	1
1718	1
1719	2
1720	1
1721	1
1722	1
1723	1
1724	1
1725	1
1726	1
1727	2
1728	1
1729	1
1730	1
1731	2
1732	1
1733	1
1734	1
1735	2
1736	1
1737	2
1738	1
1739	2
1740	2
1741	1
1742	1
1743	1
1744	1
1745	1
1746	1
1747	1
1748	1
1749	1
1750	1
1751	1
1752	4
1753	2
1754	2
1755	2
1756	2
1757	2
1758	1
1759	2
1760	1
1761	1
1762	1
1763	2
1764	1
1765	2
1766	1
1767	1
1768	1
1769	1
1770	5
1771	1
1772	2
1773	1
1774	1
1775	1
1776	1
1777	1
1778	1
1779	1
1780	1
1781	2
1782	2
1783	1
1784	1
1785	2
1786	1
1787	1
1788	1
1789	1
1790	1
1791	1
1792	1
1793	1
1794	1
1795	1
1796	1
1797	1
1798	1
1799	1
1800	2
1801	2
1802	1
1803	1
1804	1
1805	1
1806	1
1807	2
1808	2
1809	1
1810	1
1811	2
1812	1
1813	1
1814	1
1815	2
1816	1
1817	1
1818	1
1819	2
1820	2
1821	1
1822	1
1823	1
1824	1
1825	1
1826	2
1827	2
1828	1
1829	1
1830	1
1831	1
1832	1
1833	1
1834	1
1835	1
1836	2
1837	1
1838	1
1839	1
1840	4
1841	1
1842	1
1843	1
1844	1
1845	1
1846	1
1847	1
1848	2
1849	2
1850	2
1851	1
1852	1
1853	1
1854	1
1855	1
1856	5
1857	1
1858	2
1859	1
1860	1
1861	1
1862	1
1863	1
1864	1
1865	1
1866	1
1867	1
1868	2
1869	2
1870	1
1871	1
1872	1
1873	2
1874	1
1875	1
1876	1
1877	1
1878	2
1879	1
1880	2
1881	1
1882	1
1883	2
1884	1
1885	1
1886	2
1887	1
1888	1
1889	2
1890	1
1891	1
1892	1
1893	1
1894	1
1895	1
1896	1
1897	1
1898	1
1899	1
1900	1
1901	1
1902	1
1903	2
1904	5
1905	1
1906	1
1907	5
1908	2
1909	2
1910	2
1911	1
1912	1
1913	1
1914	1
1915	2
1916	2
1917	1
1918	1
1919	2
1920	1
1921	1
1922	6
1923	2
1924	1
1925	2
1926	2
1927	1
1928	1
1929	1
1930	1
1931	1
1932	2
1933	1
1934	1
1935	2
1936	1
1937	2
1938	1
1939	2
1940	1
1941	1
1942	1
1943	1
1944	2
1945	1
1946	1
1947	1
1948	1
1949	2
1950	1
1951	5
1952	1
1953	1
1954	1
1955	1
1956	2
1957	1
1958	1
1959	2
1960	2
1961	1
1962	1
1963	1
1964	1
1965	1
1966	1
1967	2
1968	1
1969	2
1970	5
1971	2
1972	1
1973	1
1974	2
1975	2
1976	1
1977	1
1978	5
1979	1
1980	1
1981	1
1982	1
1983	1
1984	1
1985	1
1986	2
1987	2
1988	1
1989	2
1990	1
1991	5
1992	1
1993	2
1994	1
1995	2
1996	1
1997	2
1998	1
1999	1
2000	1
2001	1
2002	1
2003	1
2004	5
2005	1
2006	1
2007	1
2008	2
2009	2
2010	2
2011	1
2012	1
2013	2
2014	1
2015	1
2016	2
2017	1
2018	2
2019	1
2020	1
2021	1
2022	1
2023	1
2024	1
2025	1
2026	1
2027	2
2028	1
2029	1
2030	1
2031	2
2032	1
2033	2
2034	1
2035	1
2036	1
2037	2
2038	2
2039	1
2040	1
2041	1
2042	1
2043	2
2044	1
2045	1
2046	1
2047	2
2048	2
2049	1
2050	1
2051	3
2052	1
2053	2
2054	2
2055	1
2056	1
2057	1
2058	2
2059	2
2060	1
2061	2
2062	2
2063	1
2064	1
2065	2
2066	1
2067	1
2068	2
2069	1
2070	2
2071	1
2072	5
2073	2
2074	2
2075	2
2076	2
2077	2
2078	1
2079	1
2080	1
2081	1
2082	2
2083	2
2084	1
2085	1
2086	1
2087	1
2088	2
2089	2
2090	1
2091	1
2092	2
2093	1
2094	2
2095	1
2096	1
2097	1
2098	1
2099	2
2100	5
2101	1
2102	1
2103	1
2104	1
2105	1
2106	2
2107	1
2108	2
2109	1
2110	1
2111	1
2112	1
2113	2
2114	1
2115	2
2116	1
2117	1
2118	1
2119	5
2120	1
2121	1
2122	1
2123	1
2124	1
2125	1
2126	1
2127	1
2128	2
2129	1
2130	1
2131	2
2132	3
2133	1
2134	1
2135	1
2136	1
2137	1
2138	2
2139	1
2140	1
2141	1
2142	1
2143	2
2144	1
2145	1
2146	2
2147	1
2148	1
2149	1
2150	1
2151	2
2152	1
2153	2
2154	1
2155	1
2156	1
2157	1
2158	1
2159	5
2160	1
2161	1
2162	1
2163	1
2164	1
2165	1
2166	2
2167	1
2168	2
2169	1
2170	1
2171	1
2172	1
2173	1
2174	1
2175	1
2176	1
2177	1
2178	2
2179	1
2180	2
2181	1
2182	1
2183	1
2184	1
2185	1
2186	2
2187	2
2188	1
2189	1
2190	1
2191	2
2192	2
2193	1
2194	1
2195	2
2196	1
2197	2
2198	1
2199	1
2200	1
2201	2
2202	1
2203	1
2204	2
2205	2
2206	1
2207	1
2208	1
2209	1
2210	1
2211	1
2212	1
2213	2
2214	2
2215	2
2216	2
2217	2
2218	1
2219	1
2220	1
2221	1
2222	1
2223	1
2224	2
2225	1
2226	1
2227	5
2228	2
2229	1
2230	1
2231	1
2232	1
2233	2
2234	2
2235	2
2236	1
2237	1
2238	1
2239	1
2240	1
2241	1
2242	1
2243	1
2244	1
2245	2
2246	1
2247	1
2248	1
2249	1
2250	1
2251	2
2252	1
2253	1
2254	1
2255	1
2256	1
2257	1
2258	1
2259	1
2260	2
2261	1
2262	1
2263	1
2264	1
2265	2
2266	1
2267	1
2268	1
2269	1
2270	1
2271	2
2272	1
2273	1
2274	1
2275	1
2276	2
2277	4
2278	2
2279	1
2280	1
2281	2
2282	2
2283	2
2284	1
2285	2
2286	1
2287	1
2288	5
2289	2
2290	1
2291	1
2292	2
2293	1
2294	1
2295	1
2296	1
2297	1
2298	1
2299	1
2300	2
2301	2
2302	2
2303	2
2304	4
2305	1
2306	1
2307	1
2308	5
2309	2
2310	1
2311	1
2312	1
2313	2
2314	1
2315	2
2316	1
2317	2
2318	2
2319	1
2320	1
2321	1
2322	2
2323	1
2324	2
2325	5
2326	1
2327	2
2328	1
2329	1
2330	1
2331	1
2332	2
2333	1
2334	2
2335	5
2336	1
2337	1
2338	1
2339	2
2340	1
2341	1
2342	1
2343	2
2344	1
2345	2
2346	2
2347	1
2348	2
2349	1
2350	2
2351	1
2352	1
2353	1
2354	1
2355	2
2356	1
2357	2
2358	1
2359	1
2360	1
2361	1
2362	1
2363	1
2364	1
2365	1
2366	2
2367	2
2368	1
2369	2
2370	1
2371	1
2372	1
2373	1
2374	1
2375	1
2376	1
2377	5
2378	2
2379	2
2380	1
2381	1
2382	1
2383	1
2384	2
2385	1
2386	1
2387	1
2388	1
2389	1
2390	4
2391	5
2392	1
2393	1
2394	1
2395	1
2396	1
2397	2
2398	1
2399	1
2400	2
2401	1
2402	2
2403	1
2404	1
2405	2
2406	1
2407	2
2408	1
2409	1
2410	1
2411	2
2412	2
2413	2
2414	1
2415	1
2416	2
2417	1
2418	1
2419	3
2420	1
2421	4
2422	1
2423	2
2424	1
2425	1
2426	1
2427	1
2428	1
2429	1
2430	2
2431	1
2432	1
2433	1
2434	5
2435	1
2436	2
2437	1
2438	1
2439	1
2440	5
2441	1
2442	2
2443	2
2444	2
2445	1
2446	1
2447	1
2448	1
2449	1
2450	1
2451	1
2452	1
2453	1
2454	5
2455	1
2456	1
2457	2
2458	2
2459	2
2460	1
2461	1
2462	2
2463	1
2464	1
2465	5
2466	2
2467	1
2468	5
2469	2
2470	1
2471	1
2472	1
2473	1
2474	2
2475	1
2476	2
2477	5
2478	1
2479	1
2480	1
2481	2
2482	1
2483	1
2484	1
2485	2
2486	1
2487	2
2488	1
2489	2
2490	1
2491	1
2492	1
2493	1
2494	1
2495	1
2496	2
2497	1
2498	1
2499	1
2500	2
2501	1
2502	2
2503	1
2504	1
2505	2
2506	1
2507	1
2508	1
2509	1
2510	1
2511	5
2512	1
2513	2
2514	1
2515	2
2516	5
2517	2
2518	1
2519	1
2520	1
2521	1
2522	1
2523	2
2524	1
2525	1
2526	2
2527	1
2528	1
2529	1
2530	2
2531	1
2532	1
2533	1
2534	2
2535	2
2536	2
2537	5
2538	2
2539	1
2540	2
2541	1
2542	1
2543	1
2544	1
2545	2
2546	2
2547	2
2548	1
2549	2
2550	1
2551	1
2552	1
2553	1
2554	1
2555	1
2556	1
2557	1
2558	1
2559	2
2560	2
2561	1
2562	1
2563	1
2564	1
2565	2
2566	1
2567	2
2568	1
2569	1
2570	2
2571	1
2572	1
2573	1
2574	2
2575	1
2576	1
2577	1
2578	1
2579	1
2580	1
2581	1
2582	2
2583	1
2584	1
2585	1
2586	1
2587	1
2588	1
2589	5
2590	1
2591	1
2592	1
2593	1
2594	1
2595	1
2596	1
2597	1
2598	1
2599	1
2600	2
2601	1
2602	1
2603	1
2604	2
2605	1
2606	1
2607	1
2608	1
2609	1
2610	1
2611	1
2612	1
2613	1
2614	1
2615	1
2616	2
2617	1
2618	1
2619	2
2620	1
2621	1
2622	1
2623	5
2624	1
2625	2
2626	1
2627	1
2628	1
2629	2
2630	1
2631	2
2632	2
2633	1
2634	1
2635	1
2636	1
2637	1
2638	2
2639	2
2640	1
2641	2
2642	1
2643	1
2644	1
2645	2
2646	1
2647	2
2648	1
2649	2
2650	1
2651	2
2652	1
2653	1
2654	2
2655	1
2656	1
2657	1
2658	1
2659	1
2660	1
2661	1
2662	1
2663	2
2664	1
2665	3
2666	1
2667	2
2668	1
2669	1
2670	2
2671	1
2672	2
2673	1
2674	2
2675	1
2676	2
2677	2
2678	1
2679	5
2680	2
2681	1
2682	2
2683	1
2684	1
2685	1
2686	5
2687	1
2688	1
2689	2
2690	5
2691	1
2692	1
2693	1
2694	1
2695	1
2696	5
2697	2
2698	1
2699	2
2700	3
2701	1
2702	2
2703	1
2704	2
2705	1
2706	2
2707	2
2708	1
2709	2
2710	1
2711	1
2712	2
2713	2
2714	1
2715	1
2716	5
2717	2
2718	1
2719	1
2720	1
2721	1
2722	1
2723	1
2724	1
2725	2
2726	1
2727	1
2728	1
2729	1
2730	2
2731	1
2732	1
2733	1
2734	1
2735	1
2736	2
2737	1
2738	1
2739	2
2740	1
2741	1
2742	1
2743	2
2744	2
2745	2
2746	1
2747	1
2748	1
2749	1
2750	1
2751	5
2752	2
2753	1
2754	1
2755	1
2756	2
2757	1
2758	1
2759	5
2760	1
2761	1
2762	1
2763	1
2764	1
2765	5
2766	1
2767	2
2768	1
2769	1
2770	1
2771	1
2772	1
2773	2
2774	1
2775	1
2776	1
2777	1
2778	1
2779	1
2780	2
2781	2
2782	1
2783	2
2784	1
2785	1
2786	1
2787	1
2788	1
2789	2
2790	1
2791	1
2792	1
2793	1
2794	3
2795	2
2796	1
2797	1
2798	1
2799	1
2800	1
2801	2
2802	1
2803	1
2804	1
2805	1
2806	1
2807	1
2808	1
2809	1
2810	1
2811	1
2812	1
2813	1
2814	1
2815	1
2816	1
2817	1
2818	1
2819	1
2820	1
2821	1
2822	1
2823	1
2824	1
2825	1
2826	1
2827	2
2828	2
2829	1
2830	1
2831	2
2832	1
2833	1
2834	2
2835	1
2836	1
2837	1
2838	1
2839	1
2840	1
2841	2
2842	2
2843	1
2844	1
2845	2
2846	1
2847	1
2848	1
2849	2
2850	2
2851	2
2852	1
2853	1
2854	2
2855	1
2856	1
2857	2
2858	1
2859	1
2860	1
2861	1
2862	1
2863	1
2864	1
2865	1
2866	1
2867	1
2868	1
2869	1
2870	1
2871	1
2872	2
2873	2
2874	1
2875	1
2876	2
2877	1
2878	1
2879	1
2880	2
2881	1
2882	1
2883	1
2884	1
2885	2
2886	2
2887	1
2888	1
2889	1
2890	1
2891	1
2892	1
2893	2
2894	1
2895	1
2896	2
2897	1
2898	1
2899	2
2900	1
2901	1
2902	1
2903	1
2904	2
2905	1
2906	1
2907	5
2908	1
2909	1
2910	1
2911	1
2912	1
2913	2
2914	2
2915	1
2916	2
2917	2
2918	1
2919	1
2920	1
2921	1
2922	1
2923	1
2924	2
2925	2
2926	1
2927	1
2928	1
2929	1
2930	1
2931	1
2932	1
2933	2
2934	1
2935	5
2936	1
2937	2
2938	1
2939	1
2940	1
2941	1
2942	2
2943	1
2944	2
2945	1
2946	1
2947	1
2948	5
2949	1
2950	1
2951	1
2952	1
2953	2
2954	2
2955	5
2956	2
2957	1
2958	5
2959	1
2960	1
2961	2
2962	1
2963	1
2964	1
2965	1
2966	1
2967	1
2968	1
2969	1
2970	1
2971	1
2972	1
2973	2
2974	2
2975	1
2976	1
2977	2
2978	1
2979	1
2980	1
2981	2
2982	1
2983	1
2984	1
2985	5
2986	2
2987	1
2988	1
2989	1
2990	1
2991	1
2992	2
2993	1
2994	2
2995	1
2996	1
2997	1
2998	1
2999	2
3000	1
3001	2
3002	2
3003	1
3004	1
3005	1
3006	2
3007	1
3008	1
3009	2
3010	1
3011	1
3012	1
3013	1
3014	1
3015	2
3016	1
3017	2
3018	2
3019	1
3020	2
3021	1
3022	2
3023	6
3024	1
3025	1
3026	1
3027	2
3028	1
3029	2
3030	1
3031	1
3032	1
3033	1
3034	1
3035	2
3036	1
3037	1
3038	1
3039	1
3040	1
3041	1
3042	1
3043	2
3044	2
3045	1
3046	1
3047	2
3048	1
3049	2
3050	1
3051	1
3052	2
3053	1
3054	1
3055	1
3056	2
3057	1
3058	1
3059	1
3060	2
3061	2
3062	1
3063	2
3064	2
3065	1
3066	1
3067	2
3068	1
3069	2
3070	2
3071	1
3072	2
3073	1
3074	1
3075	1
3076	3
3077	1
3078	1
3079	1
3080	2
3081	1
3082	1
3083	1
3084	2
3085	2
3086	1
3087	1
3088	2
3089	1
3090	1
3091	2
3092	2
3093	1
3094	1
3095	1
3096	1
3097	2
3098	2
3099	2
3100	1
3101	2
3102	1
3103	1
3104	1
3105	2
3106	1
3107	1
3108	1
3109	1
3110	2
3111	1
3112	2
3113	1
3114	1
3115	2
3116	1
3117	1
3118	1
3119	2
3120	1
3121	2
3122	1
3123	2
3124	1
3125	2
3126	1
3127	1
3128	1
3129	2
3130	1
3131	1
3132	1
3133	1
3134	2
3135	5
3136	1
3137	1
3138	1
3139	2
3140	1
3141	1
3142	1
3143	1
3144	1
3145	1
3146	1
3147	1
3148	1
3149	2
3150	1
3151	2
3152	1
3153	1
3154	2
3155	2
3156	1
3157	1
3158	1
3159	1
3160	1
3161	1
3162	1
3163	1
3164	1
3165	2
3166	1
3167	1
3168	1
3169	1
3170	1
3171	2
3172	2
3173	1
3174	2
3175	2
3176	1
3177	1
3178	1
3179	2
3180	1
3181	1
3182	1
3183	1
3184	1
3185	1
3186	2
3187	2
3188	1
3189	1
3190	1
3191	2
3192	1
3193	2
3194	2
3195	2
3196	1
3197	2
3198	2
3199	1
3200	2
3201	1
3202	1
3203	1
3204	2
3205	1
3206	2
3207	1
3208	1
3209	1
3210	1
3211	1
3212	1
3213	2
3214	1
3215	1
3216	1
3217	2
3218	2
3219	1
3220	1
3221	2
3222	1
3223	1
3224	1
3225	2
3226	2
3227	2
3228	1
3229	1
3230	1
3231	1
3232	1
3233	2
3234	2
3235	1
3236	2
3237	1
3238	1
3239	2
3240	1
3241	1
3242	2
3243	1
3244	2
3245	1
3246	1
3247	1
3248	2
3249	5
3250	1
3251	2
3252	1
3253	2
3254	1
3255	1
3256	1
3257	1
3258	1
3259	2
3260	1
3261	2
3262	2
3263	1
3264	1
3265	1
3266	1
3267	1
3268	1
3269	1
3270	1
3271	2
3272	1
3273	1
3274	1
3275	1
3276	1
3277	1
3278	1
3279	1
3280	2
3281	1
3282	1
3283	1
3284	1
3285	1
3286	1
3287	1
3288	2
3289	1
3290	1
3291	1
3292	2
3293	1
3294	1
3295	1
3296	2
3297	1
3298	1
3299	1
3300	1
3301	1
3302	1
3303	1
3304	1
3305	1
3306	1
3307	1
3308	2
3309	2
3310	1
3311	1
3312	2
3313	1
3314	1
3315	1
3316	1
3317	2
3318	1
3319	1
3320	2
3321	1
3322	2
3323	1
3324	1
3325	1
3326	1
3327	1
3328	1
3329	5
3330	2
3331	2
3332	2
3333	1
3334	1
3335	1
3336	2
3337	1
3338	2
3339	1
3340	1
3341	1
3342	1
3343	1
3344	1
3345	1
3346	1
3347	2
3348	1
3349	1
3350	1
3351	1
3352	1
3353	1
3354	1
3355	2
3356	1
3357	1
3358	1
3359	1
3360	1
3361	1
3362	2
3363	1
3364	5
3365	1
3366	1
3367	1
3368	1
3369	1
3370	2
3371	1
3372	1
3373	1
3374	2
3375	1
3376	1
3377	1
3378	2
3379	1
3380	1
3381	1
3382	1
3383	1
3384	1
3385	1
3386	1
3387	1
3388	1
3389	2
3390	1
3391	2
3392	1
3393	1
3394	1
3395	1
3396	1
3397	5
3398	1
3399	2
3400	1
3401	1
3402	1
3403	1
3404	1
3405	2
3406	1
3407	1
3408	2
3409	2
3410	1
3411	1
3412	1
3413	5
3414	2
3415	1
3416	1
3417	1
3418	1
3419	1
3420	1
3421	1
3422	1
3423	1
3424	1
3425	1
3426	2
3427	2
3428	1
3429	1
3430	2
3431	2
3432	1
3433	1
3434	1
3435	1
3436	1
3437	2
3438	2
3439	1
3440	1
3441	1
3442	1
3443	1
3444	1
3445	1
3446	1
3447	1
3448	1
3449	1
3450	1
3451	1
3452	1
3453	2
3454	1
3455	1
3456	1
3457	2
3458	1
3459	1
3460	1
3461	1
3462	1
3463	2
3464	1
3465	1
3466	2
3467	1
3468	2
3469	1
3470	1
3471	1
3472	1
3473	1
3474	1
3475	2
3476	2
3477	1
3478	1
3479	2
3480	1
3481	1
3482	1
3483	2
3484	2
3485	1
3486	1
3487	5
3488	2
3489	1
3490	1
3491	1
3492	1
3493	2
3494	1
3495	1
3496	1
3497	1
3498	1
3499	1
3500	1
3501	2
3502	1
3503	2
3504	1
3505	3
3506	1
3507	2
3508	2
3509	1
3510	2
3511	1
3512	1
3513	1
3514	1
3515	1
3516	2
3517	1
3518	1
3519	1
3520	1
3521	1
3522	2
3523	5
3524	2
3525	1
3526	1
3527	1
3528	1
3529	1
3530	2
3531	1
3532	1
3533	1
3534	2
3535	2
3536	2
3537	1
3538	2
3539	2
3540	1
3541	1
3542	1
3543	1
3544	1
3545	1
3546	1
3547	1
3548	1
3549	1
3550	1
3551	1
3552	1
3553	2
3554	2
3555	2
3556	2
3557	1
3558	1
3559	1
3560	1
3561	1
3562	1
3563	1
3564	1
3565	1
3566	1
3567	1
3568	1
3569	5
3570	1
3571	1
3572	1
3573	2
3574	2
3575	1
3576	2
3577	1
3578	1
3579	2
3580	1
3581	1
3582	1
3583	1
3584	1
3585	2
3586	1
3587	1
3588	2
3589	2
3590	1
3591	1
3592	5
3593	1
3594	1
3595	1
3596	1
3597	2
3598	1
3599	1
3600	1
3601	1
3602	2
3603	1
3604	6
3605	1
3606	1
3607	1
3608	1
3609	3
3610	1
3611	1
3612	1
3613	1
3614	1
3615	1
3616	1
3617	1
3618	1
3619	1
3620	2
3621	1
3622	2
3623	1
3624	1
3625	2
3626	1
3627	1
3628	1
3629	2
3630	1
3631	2
3632	1
3633	1
3634	1
3635	1
3636	1
3637	2
3638	1
3639	2
3640	2
3641	1
3642	2
3643	1
3644	2
3645	2
3646	2
3647	1
3648	2
3649	2
3650	2
3651	1
3652	1
3653	2
3654	1
3655	1
3656	1
3657	2
3658	1
3659	1
3660	2
3661	1
3662	1
3663	2
3664	1
3665	2
3666	1
3667	1
3668	1
3669	1
3670	1
3671	1
3672	1
3673	1
3674	5
3675	2
3676	1
3677	2
3678	1
3679	2
3680	2
3681	1
3682	2
3683	1
3684	1
3685	2
3686	2
3687	1
3688	1
3689	1
3690	2
3691	2
3692	1
3693	2
3694	2
3695	1
3696	2
3697	4
3698	1
3699	2
3700	1
3701	1
3702	1
3703	1
3704	1
3705	2
3706	2
3707	1
3708	1
3709	1
3710	1
3711	1
3712	1
3713	1
3714	2
3715	1
3716	1
3717	1
3718	1
3719	1
3720	4
3721	1
3722	1
3723	1
3724	1
3725	2
3726	1
3727	1
3728	2
3729	2
3730	2
3731	1
3732	1
3733	1
3734	5
3735	1
3736	1
3737	1
3738	1
3739	1
3740	4
3741	1
3742	1
3743	1
3744	1
3745	1
3746	1
3747	1
3748	2
3749	1
3750	2
3751	1
3752	1
3753	2
3754	2
3755	2
3756	2
3757	2
3758	2
3759	1
3760	1
3761	1
3762	1
3763	2
3764	2
3765	1
3766	2
3767	1
3768	1
3769	2
3770	5
3771	2
3772	1
3773	2
3774	1
3775	1
3776	1
3777	1
3778	1
3779	1
3780	1
3781	1
3782	2
3783	1
3784	1
3785	1
3786	1
3787	1
3788	1
3789	1
3790	5
3791	2
3792	1
3793	1
3794	2
3795	2
3796	1
3797	3
3798	2
3799	1
3800	1
3801	2
3802	1
3803	1
3804	1
3805	1
3806	1
3807	1
3808	1
3809	1
3810	1
3811	1
3812	1
3813	1
3814	1
3815	2
3816	1
3817	1
3818	1
3819	1
3820	2
3821	1
3822	1
3823	2
3824	1
3825	1
3826	1
3827	1
3828	1
3829	2
3830	2
3831	1
3832	2
3833	2
3834	6
3835	5
3836	1
3837	1
3838	1
3839	2
3840	2
3841	1
3842	2
3843	2
3844	1
3845	2
3846	1
3847	1
3848	1
3849	1
3850	2
3851	1
3852	1
3853	1
3854	1
3855	1
3856	1
3857	1
3858	1
3859	1
3860	1
3861	2
3862	1
3863	1
3864	1
3865	5
3866	2
3867	1
3868	1
3869	1
3870	1
3871	1
3872	1
3873	1
3874	2
3875	5
3876	1
3877	1
3878	2
3879	1
3880	2
3881	1
3882	2
3883	2
3884	5
3885	1
3886	1
3887	2
3888	1
3889	2
3890	1
3891	1
3892	1
3893	2
3894	1
3895	1
3896	1
3897	1
3898	1
3899	1
3900	3
3901	1
3902	1
3903	2
3904	1
3905	1
3906	2
3907	2
3908	1
3909	2
3910	1
3911	1
3912	1
3913	1
3914	1
3915	2
3916	2
3917	2
3918	2
3919	1
3920	1
3921	1
3922	5
3923	1
3924	2
3925	2
3926	1
3927	1
3928	1
3929	2
3930	5
3931	1
3932	1
3933	1
3934	1
3935	1
3936	2
3937	5
3938	2
3939	1
3940	1
3941	5
3942	1
3943	2
3944	1
3945	1
3946	2
3947	2
3948	1
3949	1
3950	2
3951	1
3952	2
3953	5
3954	1
3955	1
3956	1
3957	1
3958	1
3959	1
3960	2
3961	1
3962	1
3963	1
3964	2
3965	1
3966	5
3967	2
3968	1
3969	1
3970	1
3971	2
3972	2
3973	1
3974	2
3975	1
3976	2
3977	2
3978	1
3979	2
3980	1
3981	5
3982	2
3983	1
3984	1
3985	2
3986	1
3987	1
3988	1
3989	2
3990	2
3991	1
3992	2
3993	1
3994	1
3995	1
3996	5
3997	2
3998	2
3999	2
4000	1
4001	1
4002	1
4003	1
4004	1
4005	1
4006	1
4007	1
4008	1
4009	1
4010	1
4011	1
4012	1
4013	2
4014	1
4015	2
4016	1
4017	1
4018	1
4019	1
4020	2
4021	2
4022	2
4023	2
4024	1
4025	1
4026	1
4027	1
4028	1
4029	2
4030	1
4031	1
4032	1
4033	1
4034	1
4035	5
4036	1
4037	1
4038	1
4039	4
4040	1
4041	2
4042	1
4043	1
4044	1
4045	1
4046	1
4047	1
4048	1
4049	1
4050	1
4051	1
4052	1
4053	2
4054	1
4055	1
4056	1
4057	1
4058	1
4059	2
4060	1
4061	1
4062	1
4063	1
4064	1
4065	1
4066	2
4067	2
4068	1
4069	1
4070	2
4071	1
4072	2
4073	1
4074	1
4075	2
4076	1
4077	1
4078	1
4079	5
4080	1
4081	1
4082	1
4083	1
4084	1
4085	1
4086	2
4087	2
4088	2
4089	1
4090	1
4091	1
4092	2
4093	1
4094	1
4095	1
4096	2
4097	1
4098	2
4099	1
4100	1
4101	1
4102	1
4103	2
4104	1
4105	1
4106	2
4107	1
4108	2
4109	1
4110	2
4111	1
4112	1
4113	5
4114	1
4115	1
4116	1
4117	1
4118	1
4119	1
4120	2
4121	1
4122	2
4123	1
4124	4
4125	1
4126	2
4127	1
4128	1
4129	1
4130	1
4131	2
4132	1
4133	1
4134	1
4135	1
4136	1
4137	1
4138	1
4139	2
4140	1
4141	2
4142	1
4143	2
4144	1
4145	1
4146	1
4147	1
4148	1
4149	2
4150	1
4151	5
4152	2
4153	2
4154	1
4155	2
4156	2
4157	1
4158	5
4159	1
4160	2
4161	1
4162	1
4163	1
4164	1
4165	1
4166	1
4167	5
4168	1
4169	1
4170	5
4171	1
4172	2
4173	1
4174	1
4175	2
4176	1
4177	1
4178	1
4179	1
4180	2
4181	1
4182	1
4183	1
4184	2
4185	1
4186	1
4187	2
4188	1
4189	2
4190	1
4191	2
4192	1
4193	1
4194	2
4195	1
4196	2
4197	1
4198	1
4199	1
4200	1
4201	1
4202	2
4203	1
4204	1
4205	5
4206	1
4207	2
4208	2
4209	1
4210	1
4211	2
4212	2
4213	2
4214	1
4215	4
4216	1
4217	1
4218	1
4219	1
4220	2
4221	1
4222	5
4223	1
4224	2
4225	1
4226	5
4227	1
4228	1
4229	1
4230	1
4231	1
4232	1
4233	1
4234	2
4235	1
4236	2
4237	1
4238	1
4239	2
4240	2
4241	1
4242	1
4243	1
4244	2
4245	1
4246	1
4247	2
4248	2
4249	1
4250	1
4251	1
4252	1
4253	1
4254	1
4255	5
4256	1
4257	1
4258	1
4259	1
4260	1
4261	6
4262	2
4263	5
4264	1
4265	1
4266	2
4267	2
4268	2
4269	1
4270	1
4271	1
4272	1
4273	1
4274	1
4275	1
4276	1
4277	1
4278	1
4279	2
4280	1
4281	1
4282	1
4283	1
4284	2
4285	1
4286	2
4287	1
4288	2
4289	1
4290	1
4291	1
4292	2
4293	2
4294	1
4295	1
4296	1
4297	5
4298	2
4299	1
4300	5
4301	1
4302	1
4303	1
4304	1
4305	1
4306	1
4307	1
4308	1
4309	1
4310	1
4311	2
4312	1
4313	1
4314	1
4315	2
4316	2
4317	1
4318	1
4319	2
4320	1
4321	1
4322	1
4323	1
4324	1
4325	2
4326	1
4327	2
4328	2
4329	2
4330	1
4331	1
4332	1
4333	1
4334	1
4335	1
4336	2
4337	2
4338	1
4339	2
4340	1
4341	2
4342	1
4343	1
4344	1
4345	1
4346	1
4347	2
4348	2
4349	1
4350	1
4351	1
4352	1
4353	1
4354	1
4355	2
4356	2
4357	1
4358	2
4359	1
4360	2
4361	1
4362	1
4363	1
4364	1
4365	1
4366	1
4367	1
4368	1
4369	2
4370	1
4371	1
4372	1
4373	1
4374	1
4375	1
4376	2
4377	2
4378	1
4379	1
4380	1
4381	2
4382	1
4383	2
4384	1
4385	1
4386	1
4387	2
4388	1
4389	1
4390	1
4391	2
4392	1
4393	1
4394	1
4395	1
4396	1
4397	1
4398	2
4399	1
4400	1
4401	1
4402	2
4403	1
4404	1
4405	1
4406	1
4407	1
4408	1
4409	1
4410	1
4411	1
4412	1
4413	2
4414	2
4415	2
4416	1
4417	2
4418	1
4419	1
4420	1
4421	1
4422	1
4423	1
4424	2
4425	1
4426	2
4427	2
4428	1
4429	1
4430	1
4431	1
4432	1
4433	1
4434	1
4435	1
4436	1
4437	1
4438	1
4439	2
4440	4
4441	2
4442	2
4443	1
4444	1
4445	2
4446	1
4447	2
4448	1
4449	2
4450	1
4451	2
4452	1
4453	1
4454	2
4455	1
4456	1
4457	1
4458	1
4459	2
4460	1
4461	1
4462	1
4463	1
4464	1
4465	2
4466	1
4467	1
4468	1
4469	1
4470	1
4471	1
4472	2
4473	2
4474	2
4475	1
4476	1
4477	1
4478	1
4479	1
4480	1
4481	2
4482	2
4483	1
4484	1
4485	1
4486	1
4487	1
4488	1
4489	1
4490	1
4491	2
4492	2
4493	1
4494	5
4495	1
4496	1
4497	1
4498	2
4499	1
4500	1
4501	2
4502	2
4503	2
4504	2
4505	5
4506	1
4507	1
4508	5
4509	1
4510	1
4511	2
4512	1
4513	5
4514	1
4515	1
4516	1
4517	2
4518	1
4519	1
4520	4
4521	1
4522	2
4523	1
4524	2
4525	2
4526	1
4527	1
4528	1
4529	5
4530	1
4531	1
4532	2
4533	1
4534	1
4535	1
4536	1
4537	1
4538	1
4539	1
4540	2
4541	1
4542	1
4543	1
4544	1
4545	1
4546	1
4547	1
4548	2
4549	1
4550	2
4551	1
4552	1
4553	2
4554	2
4555	1
4556	1
4557	1
4558	1
4559	1
4560	2
4561	2
4562	1
4563	1
4564	2
4565	1
4566	2
4567	5
4568	1
4569	1
4570	1
4571	1
4572	1
4573	1
4574	2
4575	2
4576	1
4577	1
4578	2
4579	1
4580	1
4581	2
4582	1
4583	2
4584	1
4585	5
4586	1
4587	1
4588	2
4589	2
4590	2
4591	1
4592	1
4593	1
4594	1
4595	1
4596	1
4597	2
4598	1
4599	2
4600	1
4601	2
4602	1
4603	1
4604	2
4605	2
4606	1
4607	2
4608	1
4609	2
4610	2
4611	1
4612	2
4613	2
4614	1
4615	1
4616	1
4617	1
4618	1
4619	1
4620	1
4621	1
4622	1
4623	1
4624	2
4625	1
4626	1
4627	1
4628	1
4629	2
4630	1
4631	1
4632	1
4633	2
4634	1
4635	5
4636	2
4637	1
4638	1
4639	5
4640	1
4641	1
4642	1
4643	1
4644	1
4645	2
4646	1
4647	1
4648	1
4649	1
4650	1
4651	1
4652	1
4653	1
4654	1
4655	1
4656	1
4657	2
4658	1
4659	2
4660	2
4661	2
4662	2
4663	1
4664	1
4665	1
4666	1
4667	1
4668	1
4669	1
4670	2
4671	2
4672	1
4673	1
4674	1
4675	5
4676	1
4677	2
4678	1
4679	2
4680	5
4681	1
4682	1
4683	2
4684	5
4685	2
4686	1
4687	1
4688	5
4689	1
4690	1
4691	1
4692	1
4693	1
4694	1
4695	2
4696	1
4697	2
4698	1
4699	1
4700	1
4701	2
4702	1
4703	1
4704	1
4705	1
4706	2
4707	1
4708	1
4709	1
4710	1
4711	2
4712	1
4713	5
4714	1
4715	5
4716	1
4717	1
4718	2
4719	2
4720	1
4721	1
4722	1
4723	1
4724	2
4725	1
4726	1
4727	2
4728	2
4729	1
4730	1
4731	1
4732	1
4733	1
4734	1
4735	1
4736	1
4737	2
4738	2
4739	1
4740	1
4741	1
4742	5
4743	1
4744	1
4745	2
4746	1
4747	1
4748	1
4749	1
4750	1
4751	1
4752	1
4753	1
4754	1
4755	1
4756	2
4757	1
4758	2
4759	1
4760	1
4761	2
4762	1
4763	1
4764	1
4765	2
4766	1
4767	1
4768	5
4769	1
4770	2
4771	1
4772	1
4773	1
4774	1
4775	2
4776	2
4777	2
4778	1
4779	1
4780	1
4781	2
4782	1
4783	5
4784	1
4785	5
4786	1
4787	1
4788	1
4789	1
4790	1
4791	2
4792	1
4793	1
4794	2
4795	1
4796	1
4797	1
4798	2
4799	1
4800	1
4801	2
4802	1
4803	1
4804	5
4805	1
4806	1
4807	1
4808	2
4809	1
4810	1
4811	2
4812	1
4813	1
4814	1
4815	2
4816	1
4817	1
4818	2
4819	1
4820	1
4821	2
4822	2
4823	1
4824	1
4825	1
4826	1
4827	2
4828	1
4829	2
4830	1
4831	1
4832	1
4833	2
4834	2
4835	1
4836	1
4837	1
4838	1
4839	1
4840	1
4841	1
4842	1
4843	1
4844	1
4845	1
4846	1
4847	2
4848	1
4849	1
4850	1
4851	2
4852	1
4853	1
4854	1
4855	2
4856	1
4857	1
4858	1
4859	1
4860	1
4861	1
4862	2
4863	2
4864	5
4865	1
4866	2
4867	1
4868	2
4869	2
4870	2
4871	1
4872	1
4873	1
4874	1
4875	1
4876	2
4877	1
4878	1
4879	2
4880	1
4881	2
4882	2
4883	1
4884	1
4885	1
4886	2
4887	1
4888	1
4889	5
4890	1
4891	1
4892	1
4893	1
4894	1
4895	2
4896	1
4897	1
4898	5
4899	5
4900	1
4901	1
4902	1
4903	1
4904	5
4905	1
4906	1
4907	1
4908	1
4909	2
4910	1
4911	2
4912	2
4913	1
4914	2
4915	1
4916	1
4917	2
4918	2
4919	2
4920	1
4921	1
4922	1
4923	1
4924	1
4925	1
4926	1
4927	1
4928	1
4929	2
4930	1
4931	1
4932	2
4933	1
4934	1
4935	2
4936	1
4937	2
4938	1
4939	1
4940	1
4941	1
4942	1
4943	1
4944	1
4945	1
4946	2
4947	1
4948	1
4949	1
4950	1
4951	2
4952	1
4953	2
4954	2
4955	5
4956	1
4957	1
4958	2
4959	1
4960	1
4961	1
4962	2
4963	1
4964	1
4965	1
4966	5
4967	1
4968	1
4969	2
4970	1
4971	2
4972	1
4973	2
4974	1
4975	5
4976	2
4977	1
4978	1
4979	1
4980	2
4981	1
4982	1
4983	1
4984	1
4985	1
4986	2
4987	2
4988	1
4989	1
4990	2
4991	1
4992	2
4993	1
4994	2
4995	2
4996	1
4997	2
4998	1
4999	1
5000	2
5001	2
5002	2
5003	1
5004	1
5005	1
5006	1
5007	1
5008	1
5009	2
5010	1
5011	2
5012	2
5013	1
5014	1
5015	2
5016	1
5017	1
5018	2
5019	1
5020	1
5021	1
5022	1
5023	2
5024	1
5025	2
5026	1
5027	2
5028	1
5029	2
5030	1
5031	5
5032	2
5033	2
5034	1
5035	2
5036	1
5037	1
5038	2
5039	1
5040	2
5041	2
5042	1
5043	1
5044	2
5045	1
5046	1
5047	1
5048	5
5049	1
5050	1
5051	1
5052	2
5053	1
5054	5
5055	2
5056	1
5057	1
5058	1
5059	1
5060	5
5061	1
5062	2
5063	1
5064	1
5065	1
5066	1
5067	1
5068	2
5069	1
5070	1
5071	2
5072	1
5073	1
5074	1
5075	2
5076	1
5077	1
5078	2
5079	1
5080	1
5081	2
5082	1
5083	2
5084	2
5085	1
5086	5
5087	1
5088	1
5089	1
5090	1
5091	1
5092	1
5093	2
5094	1
5095	1
5096	2
5097	1
5098	2
5099	2
5100	1
5101	1
5102	1
5103	1
5104	1
5105	2
5106	2
5107	2
5108	2
5109	1
5110	1
5111	1
5112	2
5113	2
5114	1
5115	2
5116	1
5117	5
5118	2
5119	1
5120	1
5121	1
5122	1
5123	1
5124	1
5125	2
5126	1
5127	1
5128	5
5129	1
5130	5
5131	2
5132	1
5133	1
5134	2
5135	1
5136	2
5137	1
5138	1
5139	2
5140	1
5141	1
5142	2
5143	1
5144	1
5145	1
5146	1
5147	1
5148	1
5149	2
5150	1
5151	2
5152	2
5153	1
5154	2
5155	1
5156	1
5157	2
5158	1
5159	1
5160	2
5161	1
5162	1
5163	1
5164	1
5165	1
5166	1
5167	1
5168	2
5169	2
5170	2
5171	1
5172	2
5173	2
5174	2
5175	2
5176	1
5177	1
5178	5
5179	1
5180	1
5181	1
5182	1
5183	1
5184	1
5185	1
5186	1
5187	1
5188	2
5189	2
5190	5
5191	5
5192	2
5193	2
5194	2
5195	1
5196	1
5197	1
5198	1
5199	2
5200	1
5201	1
5202	1
5203	2
5204	2
5205	1
5206	1
5207	2
5208	2
5209	1
5210	2
5211	2
5212	2
5213	1
5214	1
5215	1
5216	1
5217	1
5218	2
5219	1
5220	2
5221	1
5222	2
5223	1
5224	1
5225	1
5226	1
5227	1
5228	1
5229	1
5230	1
5231	1
5232	1
5233	1
5234	1
5235	1
5236	1
5237	1
5238	1
5239	1
5240	1
5241	1
5242	2
5243	1
5244	1
5245	1
5246	2
5247	1
5248	1
5249	2
5250	1
5251	1
5252	1
5253	2
5254	1
5255	5
5256	1
5257	1
5258	2
5259	1
5260	1
5261	1
5262	1
5263	2
5264	2
5265	2
5266	1
5267	1
5268	5
5269	2
5270	2
5271	1
5272	1
5273	2
5274	2
5275	2
5276	2
5277	1
5278	1
5279	1
5280	1
5281	1
5282	1
5283	2
5284	1
5285	2
5286	1
5287	2
5288	2
5289	1
5290	2
5291	1
5292	1
5293	2
5294	1
5295	1
5296	2
5297	1
5298	1
5299	2
5300	2
5301	1
5302	2
5303	1
5304	1
5305	1
5306	1
5307	1
5308	1
5309	1
5310	1
5311	2
5312	2
5313	1
5314	1
5315	2
5316	1
5317	1
5318	1
5319	2
5320	1
5321	1
5322	1
5323	1
5324	1
5325	1
5326	2
5327	2
5328	4
5329	1
5330	2
5331	2
5332	1
5333	2
5334	1
5335	2
5336	2
5337	1
5338	2
5339	2
5340	5
5341	1
5342	1
5343	2
5344	1
5345	1
5346	2
5347	1
5348	1
5349	1
5350	1
5351	1
5352	1
5353	1
5354	1
5355	1
5356	1
5357	1
5358	2
5359	1
5360	2
5361	1
5362	1
5363	2
5364	2
5365	1
5366	2
5367	1
5368	1
5369	1
5370	1
5371	2
5372	1
5373	2
5374	1
5375	1
5376	1
5377	2
5378	1
5379	1
5380	1
5381	1
5382	1
5383	1
5384	1
5385	1
5386	1
5387	1
5388	3
5389	1
5390	2
5391	1
5392	1
5393	1
5394	1
5395	1
5396	1
5397	1
5398	1
5399	1
5400	2
5401	2
5402	2
5403	2
5404	1
5405	2
5406	2
5407	2
5408	1
5409	1
5410	2
5411	1
5412	1
5413	1
5414	1
5415	2
5416	1
5417	1
5418	2
5419	2
5420	1
5421	1
5422	1
5423	2
5424	1
5425	2
5426	1
5427	1
5428	2
5429	2
5430	2
5431	1
5432	2
5433	2
5434	2
5435	1
5436	1
5437	2
5438	3
5439	1
5440	2
5441	1
5442	2
5443	2
5444	5
5445	1
5446	1
5447	1
5448	1
5449	1
5450	2
5451	1
5452	1
5453	2
5454	1
5455	1
5456	2
5457	1
5458	1
5459	2
5460	1
5461	1
5462	1
5463	2
5464	1
5465	1
5466	1
5467	1
5468	2
5469	2
5470	1
5471	1
5472	1
5473	5
5474	1
5475	2
5476	1
5477	5
5478	2
5479	2
5480	1
5481	1
5482	2
5483	5
5484	1
5485	2
5486	1
5487	1
5488	2
5489	1
5490	1
5491	1
5492	1
5493	2
5494	2
5495	1
5496	1
5497	1
5498	1
5499	1
5500	1
5501	1
5502	5
5503	1
5504	5
5505	1
5506	1
5507	2
5508	1
5509	1
5510	1
5511	1
5512	1
5513	1
5514	1
5515	1
5516	1
5517	1
5518	1
5519	1
5520	1
5521	1
5522	1
5523	1
5524	2
5525	1
5526	1
5527	1
5528	1
5529	1
5530	1
5531	1
5532	1
5533	1
5534	5
5535	2
5536	1
5537	1
5538	1
5539	1
5540	2
5541	1
5542	1
5543	2
5544	1
5545	2
5546	2
5547	1
5548	2
5549	1
5550	1
5551	1
5552	2
5553	1
5554	1
5555	1
5556	2
5557	2
5558	1
5559	2
5560	1
5561	1
5562	1
5563	1
5564	2
5565	1
5566	1
5567	1
5568	2
5569	2
5570	1
5571	1
5572	1
5573	2
5574	1
5575	1
5576	2
5577	1
5578	1
5579	1
5580	1
5581	2
5582	1
5583	1
5584	1
5585	2
5586	1
5587	1
5588	1
5589	1
5590	2
5591	2
5592	2
5593	2
5594	2
5595	2
5596	1
5597	2
5598	5
5599	1
5600	1
5601	5
5602	1
5603	1
5604	1
5605	1
5606	1
5607	1
5608	1
5609	2
5610	1
5611	1
5612	1
5613	1
5614	1
5615	1
5616	1
5617	5
5618	1
5619	2
5620	1
5621	2
5622	1
5623	1
5624	2
5625	1
5626	1
5627	1
5628	1
5629	1
5630	1
5631	1
5632	1
5633	1
5634	1
5635	1
5636	1
5637	1
5638	1
5639	2
5640	1
5641	2
5642	1
5643	1
5644	1
5645	1
5646	2
5647	1
5648	1
5649	1
5650	1
5651	2
5652	1
5653	1
5654	1
5655	1
5656	1
5657	2
5658	5
5659	2
5660	1
5661	2
5662	1
5663	1
5664	1
5665	1
5666	2
5667	1
5668	2
5669	2
5670	1
5671	2
5672	2
5673	5
5674	2
5675	2
5676	1
5677	1
5678	1
5679	2
5680	1
5681	1
5682	1
5683	1
5684	1
5685	1
5686	1
5687	1
5688	1
5689	1
5690	1
5691	1
5692	2
5693	1
5694	2
5695	2
5696	1
5697	1
5698	1
5699	2
5700	1
5701	2
5702	2
5703	2
5704	1
5705	2
5706	1
5707	1
5708	2
5709	1
5710	1
5711	1
5712	1
5713	1
5714	1
5715	1
5716	1
5717	1
5718	2
5719	1
5720	2
5721	1
5722	2
5723	1
5724	1
5725	1
5726	1
5727	2
5728	1
5729	5
5730	1
5731	1
5732	2
5733	1
5734	2
5735	1
5736	2
5737	1
5738	1
5739	1
5740	2
5741	2
5742	1
5743	1
5744	1
5745	1
5746	1
5747	1
5748	1
5749	2
5750	1
5751	1
5752	2
5753	1
5754	1
5755	2
5756	1
5757	1
5758	2
5759	1
5760	1
5761	1
5762	1
5763	1
5764	1
5765	1
5766	5
5767	2
5768	1
5769	5
5770	1
5771	1
5772	1
5773	2
5774	1
5775	1
5776	1
5777	1
5778	1
5779	2
5780	1
5781	1
5782	2
5783	1
5784	2
5785	1
5786	2
5787	1
5788	1
5789	1
5790	5
5791	1
5792	1
5793	1
5794	2
5795	2
5796	2
5797	1
5798	1
5799	1
5800	2
5801	1
5802	2
5803	5
5804	2
5805	1
5806	1
5807	1
5808	2
5809	1
5810	1
5811	1
5812	1
5813	1
5814	1
5815	1
5816	1
5817	1
5818	1
5819	1
5820	2
5821	2
5822	2
5823	2
5824	1
5825	1
5826	2
5827	2
5828	1
5829	1
5830	2
5831	1
5832	1
5833	1
5834	1
5835	1
5836	1
5837	1
5838	1
5839	1
5840	1
5841	1
5842	1
5843	2
5844	1
5845	1
5846	1
5847	1
5848	1
5849	1
5850	1
5851	1
5852	5
5853	2
5854	1
5855	1
5856	1
5857	1
5858	1
5859	1
5860	1
5861	2
5862	1
5863	1
5864	1
5865	2
5866	1
5867	2
5868	1
5869	1
5870	1
5871	1
5872	5
5873	2
5874	3
5875	2
5876	1
5877	1
5878	1
5879	1
5880	1
5881	1
5882	1
5883	1
5884	5
5885	1
5886	1
5887	1
5888	1
5889	2
5890	1
5891	2
5892	2
5893	1
5894	1
5895	1
5896	5
5897	1
5898	1
5899	1
5900	5
5901	2
5902	2
5903	1
5904	1
5905	2
5906	1
5907	1
5908	1
5909	1
5910	1
5911	1
5912	1
5913	2
5914	2
5915	1
5916	2
5917	2
5918	1
5919	1
5920	1
5921	1
5922	2
5923	2
5924	1
5925	2
5926	4
5927	1
5928	1
5929	2
5930	1
5931	2
5932	1
5933	1
5934	1
5935	1
5936	1
5937	2
5938	1
5939	1
5940	2
5941	5
5942	1
5943	1
5944	1
5945	1
5946	1
5947	1
5948	1
5949	1
5950	1
5951	1
5952	1
5953	1
5954	1
5955	5
5956	1
5957	1
5958	1
5959	1
5960	1
5961	2
5962	1
5963	2
5964	4
5965	2
5966	1
5967	2
5968	2
5969	1
5970	5
5971	1
5972	1
5973	1
5974	1
5975	2
5976	2
5977	2
5978	1
5979	1
5980	5
5981	2
5982	2
5983	2
5984	2
5985	2
5986	2
5987	1
5988	2
5989	1
5990	2
5991	2
5992	1
5993	1
5994	1
5995	2
5996	2
5997	1
5998	1
5999	1
6000	2
6001	2
6002	2
6003	1
6004	1
6005	1
6006	1
6007	5
6008	1
6009	5
6010	1
6011	1
6012	1
6013	2
6014	2
6015	1
6016	1
6017	2
6018	2
6019	1
6020	1
6021	1
6022	1
6023	2
6024	1
6025	1
6026	2
6027	1
6028	2
6029	2
6030	1
6031	1
6032	2
6033	2
6034	2
6035	1
6036	1
6037	1
6038	1
6039	1
6040	1
6041	1
6042	1
6043	2
6044	2
6045	2
6046	1
6047	2
6048	1
6049	1
6050	2
6051	1
6052	1
6053	1
6054	2
6055	5
6056	1
6057	1
6058	2
6059	1
6060	2
6061	1
6062	2
6063	1
6064	1
6065	1
6066	2
6067	1
6068	1
6069	1
6070	1
6071	5
6072	1
6073	1
6074	1
6075	5
6076	1
6077	1
6078	2
6079	1
6080	2
6081	2
6082	1
6083	1
6084	1
6085	1
6086	2
6087	1
6088	1
6089	1
6090	1
6091	5
6092	1
6093	2
6094	2
6095	1
6096	1
6097	1
6098	2
6099	1
6100	1
6101	2
6102	2
6103	1
6104	1
6105	1
6106	2
6107	2
6108	1
6109	1
6110	1
6111	1
6112	1
6113	1
6114	2
6115	1
6116	2
6117	1
6118	2
6119	5
6120	1
6121	1
6122	1
6123	1
6124	1
6125	1
6126	1
6127	1
6128	1
6129	1
6130	1
6131	1
6132	1
6133	2
6134	1
6135	5
6136	1
6137	1
6138	1
6139	1
6140	1
6141	1
6142	2
6143	1
6144	1
6145	1
6146	5
6147	1
6148	1
6149	1
6150	5
6151	1
6152	2
6153	2
6154	2
6155	1
6156	1
6157	1
6158	1
6159	1
6160	1
6161	2
6162	2
6163	1
6164	1
6165	1
6166	1
6167	1
6168	1
6169	1
6170	2
6171	1
6172	1
6173	1
6174	1
6175	1
6176	2
6177	1
6178	2
6179	1
6180	1
6181	1
6182	2
6183	1
6184	1
6185	1
6186	1
6187	1
6188	2
6189	1
6190	1
6191	1
6192	1
6193	1
6194	1
6195	1
6196	1
6197	1
6198	2
6199	1
6200	1
6201	2
6202	1
6203	2
6204	1
6205	1
6206	2
6207	1
6208	1
6209	1
6210	1
6211	2
6212	2
6213	1
6214	1
6215	1
6216	1
6217	1
6218	2
6219	2
6220	1
6221	1
6222	1
6223	5
6224	1
6225	2
6226	1
6227	1
6228	1
6229	1
6230	1
6231	5
6232	1
6233	1
6234	1
6235	1
6236	1
6237	1
6238	1
6239	1
6240	1
6241	1
6242	1
6243	2
6244	2
6245	1
6246	2
6247	1
6248	1
6249	1
6250	1
6251	1
6252	1
6253	1
6254	1
6255	1
6256	2
6257	2
6258	1
6259	1
6260	1
6261	2
6262	2
6263	2
6264	1
6265	1
6266	2
6267	2
6268	2
6269	2
6270	5
6271	1
6272	2
6273	1
6274	2
6275	1
6276	1
6277	1
6278	2
6279	1
6280	1
6281	1
6282	1
6283	2
6284	2
6285	1
6286	1
6287	1
6288	1
6289	1
6290	1
6291	1
6292	1
6293	1
6294	1
6295	2
6296	1
6297	1
6298	5
6299	1
6300	2
6301	1
6302	1
6303	5
6304	1
6305	1
6306	1
6307	1
6308	1
6309	1
6310	2
6311	1
6312	1
6313	1
6314	2
6315	1
6316	1
6317	1
6318	1
6319	2
6320	1
6321	1
6322	1
6323	1
6324	1
6325	1
6326	1
6327	1
6328	1
6329	1
6330	1
6331	1
6332	1
6333	1
6334	1
6335	2
6336	2
6337	1
6338	2
6339	1
6340	1
6341	1
6342	1
6343	1
6344	3
6345	1
6346	1
6347	1
6348	1
6349	1
6350	1
6351	1
6352	2
6353	2
6354	2
6355	1
6356	1
6357	2
6358	1
6359	1
6360	1
6361	1
6362	1
6363	2
6364	2
6365	1
6366	5
6367	1
6368	1
6369	1
6370	2
6371	1
6372	2
6373	2
6374	1
6375	1
6376	2
6377	1
6378	1
6379	2
6380	1
6381	1
6382	1
6383	1
6384	2
6385	1
6386	1
6387	1
6388	1
6389	1
6390	2
6391	2
6392	1
6393	1
6394	1
6395	1
6396	1
6397	1
6398	2
6399	1
6400	1
6401	1
6402	1
6403	2
6404	1
6405	1
6406	1
6407	1
6408	1
6409	1
6410	1
6411	1
6412	1
6413	1
6414	2
6415	1
6416	1
6417	1
6418	1
6419	1
6420	1
6421	1
6422	1
6423	1
6424	2
6425	1
6426	1
6427	2
6428	1
6429	1
6430	1
6431	2
6432	1
6433	2
6434	2
6435	5
6436	5
6437	1
6438	1
6439	2
6440	1
6441	2
6442	1
6443	1
6444	2
6445	2
6446	2
6447	2
6448	1
6449	2
6450	1
6451	2
6452	1
6453	2
6454	1
6455	1
6456	1
6457	1
6458	1
6459	1
6460	2
6461	2
6462	1
6463	1
6464	1
6465	1
6466	2
6467	1
6468	1
6469	1
6470	2
6471	2
6472	1
6473	1
6474	1
6475	1
6476	1
6477	5
6478	1
6479	5
6480	5
6481	1
6482	1
6483	2
6484	2
6485	1
6486	2
6487	1
6488	2
6489	1
6490	2
6491	1
6492	1
6493	1
6494	1
6495	1
6496	2
6497	1
6498	1
6499	1
6500	1
6501	1
6502	2
6503	1
6504	2
6505	1
6506	1
6507	5
6508	1
6509	2
6510	3
6511	1
6512	1
6513	2
6514	2
6515	1
6516	2
6517	2
6518	2
6519	1
6520	1
6521	1
6522	1
6523	2
6524	4
6525	1
6526	1
6527	1
6528	1
6529	1
6530	1
6531	1
6532	1
6533	2
6534	1
6535	1
6536	1
6537	1
6538	1
6539	2
6540	2
6541	1
6542	2
6543	1
6544	1
6545	2
6546	1
6547	2
6548	2
6549	1
6550	1
6551	2
6552	1
6553	2
6554	2
6555	1
6556	1
6557	2
6558	2
6559	2
6560	1
6561	1
6562	1
6563	2
6564	1
6565	1
6566	1
6567	2
6568	1
6569	2
6570	1
6571	2
6572	1
6573	2
6574	2
6575	5
6576	1
6577	2
6578	1
6579	1
6580	1
6581	2
6582	1
6583	5
6584	1
6585	1
6586	1
6587	1
6588	2
6589	1
6590	1
6591	1
6592	1
6593	1
6594	1
6595	2
6596	2
6597	1
6598	1
6599	2
6600	1
6601	1
6602	1
6603	1
6604	1
6605	1
6606	5
6607	5
6608	1
6609	2
6610	1
6611	2
6612	1
6613	1
6614	5
6615	1
6616	1
6617	2
6618	1
6619	1
6620	1
6621	1
6622	2
6623	2
6624	1
6625	1
6626	1
6627	1
6628	1
6629	1
6630	1
6631	2
6632	1
6633	1
6634	1
6635	2
6636	1
6637	1
6638	1
6639	1
6640	1
6641	1
6642	2
6643	1
6644	2
6645	1
6646	1
6647	2
6648	1
6649	1
6650	1
6651	1
6652	1
6653	1
6654	1
6655	1
6656	2
6657	2
6658	1
6659	2
6660	2
6661	1
6662	2
6663	1
6664	1
6665	1
6666	1
6667	5
6668	2
6669	2
6670	1
6671	1
6672	2
6673	1
6674	1
6675	2
6676	1
6677	1
6678	1
6679	1
6680	1
6681	5
6682	1
6683	2
6684	1
6685	1
6686	1
6687	1
6688	1
6689	2
6690	1
6691	1
6692	1
6693	1
6694	1
6695	1
6696	1
6697	1
6698	1
6699	1
6700	2
6701	1
6702	1
6703	2
6704	1
6705	1
6706	2
6707	2
6708	1
6709	1
6710	1
6711	1
6712	1
6713	1
6714	2
6715	1
6716	1
6717	1
6718	1
6719	2
6720	2
6721	1
6722	1
6723	1
6724	1
6725	2
6726	2
6727	1
6728	1
6729	1
6730	1
6731	1
6732	1
6733	1
6734	2
6735	1
6736	1
6737	1
6738	1
6739	1
6740	1
6741	1
6742	1
6743	1
6744	2
6745	1
6746	1
6747	1
6748	1
6749	1
6750	1
6751	2
6752	2
6753	2
6754	2
6755	1
6756	1
6757	1
6758	1
6759	1
6760	5
6761	1
6762	1
6763	1
6764	1
6765	1
6766	2
6767	2
6768	1
6769	1
6770	4
6771	2
6772	2
6773	1
6774	2
6775	1
6776	5
6777	1
6778	2
6779	1
6780	2
6781	5
6782	1
6783	2
6784	2
6785	1
6786	2
6787	5
6788	1
6789	2
6790	1
6791	5
6792	2
6793	1
6794	2
6795	1
6796	2
6797	1
6798	1
6799	1
6800	2
6801	1
6802	1
6803	2
6804	5
6805	1
6806	1
6807	1
6808	1
6809	1
6810	2
6811	1
6812	1
6813	1
6814	2
6815	1
6816	1
6817	1
6818	1
6819	1
6820	1
6821	2
6822	4
6823	1
6824	1
6825	1
6826	1
6827	1
6828	5
6829	1
6830	2
6831	1
6832	1
6833	2
6834	1
6835	2
6836	1
6837	1
6838	1
6839	1
6840	1
6841	2
6842	1
6843	1
6844	1
6845	2
6846	1
6847	1
6848	1
6849	2
6850	1
6851	2
6852	2
6853	1
6854	1
6855	2
6856	1
6857	1
6858	5
6859	1
6860	1
6861	5
6862	2
6863	1
6864	1
6865	1
6866	1
6867	2
6868	2
6869	1
6870	1
6871	2
6872	1
6873	5
6874	1
6875	2
6876	1
6877	1
6878	1
6879	2
6880	2
6881	1
6882	1
6883	2
6884	1
6885	2
6886	1
6887	1
6888	1
6889	1
6890	2
6891	1
6892	1
6893	2
6894	1
6895	1
6896	1
6897	1
6898	2
6899	1
6900	2
6901	1
6902	1
6903	1
6904	1
6905	1
6906	1
6907	2
6908	1
6909	1
6910	1
6911	2
6912	1
6913	1
6914	1
6915	2
6916	2
6917	1
6918	1
6919	1
6920	1
6921	2
6922	1
6923	1
6924	1
6925	1
6926	2
6927	1
6928	1
6929	2
6930	1
6931	1
6932	2
6933	1
6934	4
6935	2
6936	1
6937	2
6938	2
6939	2
6940	1
6941	1
6942	1
6943	2
6944	1
6945	1
6946	1
6947	1
6948	1
6949	1
6950	2
6951	2
6952	1
6953	1
6954	1
6955	1
6956	1
6957	1
6958	2
6959	2
6960	1
6961	2
6962	2
6963	1
6964	1
6965	1
6966	1
6967	1
6968	1
6969	1
6970	2
6971	1
6972	2
6973	1
6974	2
6975	1
6976	1
6977	1
6978	2
6979	5
6980	1
6981	1
6982	2
6983	1
6984	1
6985	1
6986	1
6987	2
6988	1
6989	1
6990	2
6991	2
6992	2
6993	1
6994	1
6995	1
6996	1
6997	1
6998	1
6999	2
7000	1
7001	1
7002	1
7003	1
7004	1
7005	2
7006	1
7007	1
7008	1
7009	1
7010	1
7011	1
7012	1
7013	1
7014	2
7015	1
7016	1
7017	5
7018	1
7019	1
7020	2
7021	1
7022	1
7023	2
7024	1
7025	1
7026	1
7027	1
7028	1
7029	1
7030	1
7031	2
7032	1
7033	2
7034	1
7035	2
7036	1
7037	1
7038	1
7039	1
7040	1
7041	1
7042	2
7043	1
7044	2
7045	2
7046	2
7047	1
7048	1
7049	1
7050	1
7051	1
7052	5
7053	1
7054	1
7055	2
7056	1
7057	1
7058	1
7059	1
7060	2
7061	1
7062	1
7063	1
7064	2
7065	1
7066	1
7067	1
7068	1
7069	2
7070	5
7071	1
7072	4
7073	2
7074	2
7075	1
7076	1
7077	2
7078	1
7079	1
7080	2
7081	2
7082	2
7083	1
7084	1
7085	1
7086	2
7087	1
7088	2
7089	1
7090	2
7091	1
7092	2
7093	2
7094	4
7095	1
7096	1
7097	1
7098	1
7099	1
7100	1
7101	1
7102	2
7103	2
7104	1
7105	2
7106	1
7107	1
7108	1
7109	2
7110	2
7111	4
7112	1
7113	1
7114	1
7115	1
7116	1
7117	1
7118	2
7119	2
7120	2
7121	1
7122	1
7123	1
7124	1
7125	1
7126	1
7127	2
7128	1
7129	2
7130	2
7131	1
7132	1
7133	2
7134	1
7135	1
7136	1
7137	1
7138	2
7139	2
7140	1
7141	2
7142	1
7143	1
7144	1
7145	2
7146	1
7147	1
7148	2
7149	2
7150	1
7151	2
7152	1
7153	1
7154	1
7155	1
7156	2
7157	1
7158	2
7159	1
7160	2
7161	1
7162	1
7163	1
7164	1
7165	1
7166	2
7167	1
7168	1
7169	1
7170	1
7171	1
7172	1
7173	2
7174	1
7175	1
7176	2
7177	1
7178	1
7179	1
7180	1
7181	4
7182	2
7183	1
7184	1
7185	2
7186	2
7187	2
7188	1
7189	2
7190	1
7191	1
7192	1
7193	1
7194	2
7195	1
7196	1
7197	2
7198	1
7199	1
7200	1
7201	1
7202	2
7203	1
7204	1
7205	1
7206	1
7207	1
7208	1
7209	2
7210	1
7211	1
7212	1
7213	1
7214	2
7215	1
7216	1
7217	2
7218	1
7219	1
7220	1
7221	1
7222	2
7223	1
7224	1
7225	2
7226	1
7227	1
7228	1
7229	1
7230	2
7231	1
7232	2
7233	1
7234	1
7235	1
7236	2
7237	2
7238	1
7239	1
7240	1
7241	1
7242	1
7243	1
7244	1
7245	1
7246	1
7247	1
7248	1
7249	1
7250	1
7251	2
7252	1
7253	1
7254	2
7255	1
7256	1
7257	5
7258	2
7259	1
7260	1
7261	1
7262	1
7263	1
7264	1
7265	1
7266	1
7267	1
7268	1
7269	5
7270	1
7271	2
7272	2
7273	1
7274	1
7275	1
7276	2
7277	1
7278	1
7279	2
7280	1
7281	1
7282	1
7283	1
7284	1
7285	1
7286	1
7287	1
7288	2
7289	2
7290	1
7291	1
7292	1
7293	1
7294	2
7295	2
7296	1
7297	1
7298	2
7299	1
7300	1
7301	1
7302	1
7303	1
7304	2
7305	1
7306	2
7307	1
7308	1
7309	2
7310	1
7311	2
7312	2
7313	1
7314	1
7315	1
7316	1
7317	5
7318	1
7319	2
7320	2
7321	2
7322	1
7323	1
7324	1
7325	1
7326	1
7327	1
7328	5
7329	5
7330	1
7331	2
7332	2
7333	1
7334	1
7335	2
7336	1
7337	1
7338	1
7339	2
7340	5
7341	2
7342	2
7343	1
7344	1
7345	2
7346	1
7347	2
7348	1
7349	2
7350	1
7351	1
7352	1
7353	1
7354	1
7355	1
7356	1
7357	1
7358	1
7359	1
7360	1
7361	1
7362	1
7363	2
7364	1
7365	1
7366	1
7367	1
7368	2
7369	2
7370	1
7371	1
7372	1
7373	1
7374	1
7375	1
7376	2
7377	1
7378	2
7379	2
7380	1
7381	2
7382	1
7383	1
7384	1
7385	1
7386	1
7387	2
7388	1
7389	1
7390	1
7391	1
7392	1
7393	1
7394	1
7395	1
7396	1
7397	1
7398	1
7399	1
7400	3
7401	2
7402	1
7403	1
7404	1
7405	2
7406	1
7407	2
7408	1
7409	1
7410	1
7411	1
7412	2
7413	1
7414	2
7415	1
7416	2
7417	1
7418	1
7419	1
7420	1
7421	1
7422	1
7423	1
7424	2
7425	2
7426	2
7427	2
7428	2
7429	1
7430	3
7431	1
7432	1
7433	1
7434	1
7435	1
7436	1
7437	1
7438	2
7439	1
7440	5
7441	1
7442	1
7443	5
7444	1
7445	1
7446	5
7447	2
7448	1
7449	5
7450	1
7451	1
7452	1
7453	1
7454	1
7455	3
7456	1
7457	1
7458	1
7459	1
7460	1
7461	1
7462	1
7463	1
7464	1
7465	1
7466	1
7467	1
7468	2
7469	1
7470	2
7471	1
7472	1
7473	2
7474	1
7475	1
7476	1
7477	2
7478	1
7479	1
7480	1
7481	1
7482	1
7483	1
7484	2
7485	1
7486	5
7487	1
7488	2
7489	2
7490	2
7491	1
7492	1
7493	1
7494	2
7495	1
7496	1
7497	2
7498	1
7499	2
7500	5
7501	1
7502	1
7503	1
7504	1
7505	1
7506	4
7507	1
7508	5
7509	1
7510	1
7511	2
7512	2
7513	1
7514	2
7515	2
7516	2
7517	1
7518	0
7519	1
7520	1
7521	1
7522	1
7523	1
7524	1
7525	5
7526	1
7527	1
7528	1
7529	1
7530	1
7531	1
7532	2
7533	1
7534	1
7535	1
7536	1
7537	2
7538	2
7539	2
7540	1
7541	1
7542	1
7543	1
7544	2
7545	1
7546	1
7547	1
7548	1
7549	4
7550	2
7551	1
7552	1
7553	1
7554	2
7555	5
7556	1
7557	2
7558	1
7559	1
7560	1
7561	1
7562	1
7563	1
7564	1
7565	1
7566	1
7567	1
7568	1
7569	2
7570	2
7571	2
7572	2
7573	1
7574	1
7575	2
7576	1
7577	2
7578	5
7579	1
7580	1
7581	2
7582	1
7583	1
7584	2
7585	1
7586	2
7587	1
7588	1
7589	1
7590	1
7591	1
7592	1
7593	2
7594	1
7595	1
7596	1
7597	1
7598	1
7599	2
7600	1
7601	2
7602	4
7603	1
7604	1
7605	1
7606	1
7607	2
7608	1
7609	2
7610	1
7611	1
7612	1
7613	1
7614	1
7615	2
7616	1
7617	1
7618	2
7619	2
7620	1
7621	4
7622	2
7623	1
7624	2
7625	1
7626	1
7627	2
7628	1
7629	1
7630	1
7631	2
7632	1
7633	1
7634	1
7635	2
7636	1
7637	1
7638	1
7639	2
7640	1
7641	2
7642	1
7643	1
7644	2
7645	1
7646	1
7647	1
7648	1
7649	2
7650	1
7651	1
7652	1
7653	1
7654	1
7655	1
7656	1
7657	2
7658	2
7659	1
7660	1
7661	1
7662	1
7663	2
7664	1
7665	5
7666	1
7667	1
7668	2
7669	1
7670	2
7671	2
7672	1
7673	1
7674	1
7675	2
7676	1
7677	1
7678	1
7679	1
7680	2
7681	1
7682	2
7683	2
7684	1
7685	1
7686	1
7687	1
7688	1
7689	1
7690	1
7691	2
7692	2
7693	1
7694	5
7695	1
7696	1
7697	2
7698	1
7699	1
7700	1
7701	2
7702	1
7703	1
7704	1
7705	1
7706	1
7707	1
7708	1
7709	1
7710	2
7711	1
7712	1
7713	1
7714	2
7715	2
7716	2
7717	1
7718	1
7719	1
7720	1
7721	1
7722	2
7723	1
7724	1
7725	2
7726	1
7727	1
7728	2
7729	2
7730	2
7731	2
7732	2
7733	1
7734	2
7735	2
7736	2
7737	1
7738	2
7739	1
7740	1
7741	5
7742	2
7743	2
7744	1
7745	1
7746	1
7747	1
7748	1
7749	1
7750	1
7751	2
7752	1
7753	1
7754	1
7755	1
7756	2
7757	1
7758	1
7759	2
7760	2
7761	1
7762	1
7763	1
7764	1
7765	2
7766	1
7767	2
7768	1
7769	2
7770	2
7771	1
7772	1
7773	2
7774	1
7775	1
7776	1
7777	1
7778	1
7779	2
7780	2
7781	1
7782	1
7783	1
7784	1
7785	2
7786	1
7787	2
7788	1
7789	1
7790	1
7791	5
7792	1
7793	2
7794	1
7795	1
7796	1
7797	1
7798	1
7799	1
7800	1
7801	2
7802	1
7803	1
7804	2
7805	2
7806	5
7807	1
7808	1
7809	1
7810	1
7811	1
7812	1
7813	1
7814	2
7815	2
7816	1
7817	1
7818	1
7819	1
7820	1
7821	1
7822	1
7823	1
7824	1
7825	1
7826	1
7827	1
7828	1
7829	1
7830	1
7831	1
7832	1
7833	2
7834	2
7835	1
7836	2
7837	2
7838	1
7839	1
7840	1
7841	1
7842	1
7843	1
7844	1
7845	2
7846	2
7847	1
7848	1
7849	1
7850	1
7851	1
7852	1
7853	1
7854	1
7855	1
7856	2
7857	1
7858	1
7859	1
7860	1
7861	5
7862	2
7863	1
7864	1
7865	1
7866	5
7867	1
7868	1
7869	2
7870	1
7871	1
7872	1
7873	1
7874	5
7875	2
7876	1
7877	1
7878	1
7879	2
7880	1
7881	1
7882	1
7883	2
7884	2
7885	1
7886	1
7887	2
7888	1
7889	1
7890	1
7891	1
7892	2
7893	5
7894	1
7895	1
7896	1
7897	2
7898	2
7899	1
7900	1
7901	1
7902	1
7903	5
7904	1
7905	2
7906	1
7907	2
7908	1
7909	1
7910	1
7911	2
7912	1
7913	1
7914	2
7915	2
7916	2
7917	5
7918	1
7919	2
7920	2
7921	1
7922	1
7923	2
7924	1
7925	2
7926	1
7927	1
7928	1
7929	1
7930	1
7931	2
7932	1
7933	1
7934	1
7935	1
7936	1
7937	2
7938	1
7939	1
7940	1
7941	1
7942	1
7943	1
7944	1
7945	1
7946	1
7947	1
7948	1
7949	1
7950	1
7951	1
7952	1
7953	1
7954	1
7955	1
7956	1
7957	2
7958	1
7959	1
7960	2
7961	2
7962	1
7963	1
7964	1
7965	2
7966	1
7967	2
7968	1
7969	2
7970	1
7971	1
7972	2
7973	1
7974	2
7975	2
7976	5
7977	1
7978	2
7979	1
7980	1
7981	1
7982	1
7983	2
7984	1
7985	1
7986	2
7987	2
7988	1
7989	1
7990	4
7991	1
7992	1
7993	1
7994	2
7995	1
7996	1
7997	1
7998	2
7999	1
8000	1
8001	1
8002	1
8003	2
8004	1
8005	1
8006	1
8007	1
8008	1
8009	1
8010	2
8011	2
8012	2
8013	1
8014	2
8015	1
8016	2
8017	1
8018	2
8019	2
8020	1
8021	5
8022	1
8023	1
8024	2
8025	1
8026	3
8027	1
8028	1
8029	1
8030	1
8031	1
8032	2
8033	1
8034	1
8035	2
8036	2
8037	2
8038	1
8039	3
8040	1
8041	1
8042	1
8043	1
8044	1
8045	2
8046	1
8047	2
8048	1
8049	1
8050	2
8051	1
8052	1
8053	1
8054	2
8055	1
8056	1
8057	1
8058	2
8059	2
8060	4
8061	2
8062	1
8063	1
8064	1
8065	1
8066	1
8067	2
8068	1
8069	2
8070	1
8071	1
8072	1
8073	1
8074	1
8075	1
8076	1
8077	1
8078	2
8079	1
8080	1
8081	1
8082	1
8083	1
8084	2
8085	1
8086	1
8087	1
8088	1
8089	1
8090	1
8091	1
8092	1
8093	1
8094	1
8095	1
8096	5
8097	1
8098	1
8099	1
8100	1
8101	1
8102	2
8103	1
8104	1
8105	1
8106	1
8107	1
8108	1
8109	2
8110	2
8111	1
8112	1
8113	1
8114	1
8115	1
8116	2
8117	1
8118	2
8119	1
8120	1
8121	1
8122	1
8123	1
8124	1
8125	2
8126	1
8127	1
8128	1
8129	1
8130	1
8131	1
8132	1
8133	2
8134	1
8135	1
8136	1
8137	1
8138	1
8139	1
8140	1
8141	1
8142	1
8143	1
8144	1
8145	2
8146	1
8147	1
8148	1
8149	2
8150	1
8151	1
8152	2
8153	1
8154	2
8155	1
8156	2
8157	1
8158	1
8159	1
8160	1
8161	5
8162	1
8163	2
8164	2
8165	1
8166	2
8167	1
8168	1
8169	1
8170	1
8171	1
8172	1
8173	5
8174	1
8175	1
8176	1
8177	2
8178	1
8179	1
8180	1
8181	2
8182	2
8183	1
8184	1
8185	2
8186	2
8187	1
8188	2
8189	2
8190	1
8191	1
8192	1
8193	1
8194	1
8195	2
8196	1
8197	1
8198	1
8199	2
8200	1
8201	1
8202	2
8203	2
8204	1
8205	2
8206	1
8207	5
8208	1
8209	5
8210	1
8211	2
8212	2
8213	2
8214	2
8215	1
8216	2
8217	5
8218	1
8219	2
8220	1
8221	1
8222	1
8223	2
8224	1
8225	1
8226	1
8227	1
8228	2
8229	1
8230	1
8231	1
8232	1
8233	2
8234	1
8235	1
8236	2
8237	2
8238	1
8239	1
8240	2
8241	1
8242	1
8243	1
8244	1
8245	1
8246	2
8247	1
8248	1
8249	1
8250	1
8251	1
8252	1
8253	2
8254	1
8255	1
8256	1
8257	2
8258	5
8259	1
8260	1
8261	5
8262	1
8263	1
8264	1
8265	2
8266	1
8267	5
8268	1
8269	1
8270	2
8271	1
8272	4
8273	1
8274	1
8275	1
8276	1
8277	2
8278	1
8279	1
8280	2
8281	2
8282	1
8283	1
8284	1
8285	1
8286	1
8287	1
8288	1
8289	1
8290	1
8291	2
8292	1
8293	2
8294	1
8295	2
8296	1
8297	1
8298	1
8299	2
8300	2
8301	1
8302	1
8303	2
8304	2
8305	1
8306	2
8307	2
8308	1
8309	5
8310	1
8311	1
8312	1
8313	2
8314	2
8315	1
8316	1
8317	2
8318	1
8319	1
8320	2
8321	1
8322	2
8323	1
8324	2
8325	1
8326	1
8327	1
8328	1
8329	1
8330	1
8331	1
8332	2
8333	1
8334	3
8335	1
8336	2
8337	2
8338	2
8339	1
8340	5
8341	2
8342	1
8343	1
8344	1
8345	1
8346	1
8347	1
8348	1
8349	5
8350	1
8351	1
8352	1
8353	1
8354	1
8355	2
8356	1
8357	1
8358	1
8359	1
8360	1
8361	1
8362	1
8363	1
8364	1
8365	1
8366	1
8367	2
8368	1
8369	1
8370	2
8371	1
8372	1
8373	1
8374	1
8375	5
8376	1
8377	1
8378	1
8379	1
8380	1
8381	2
8382	1
8383	1
8384	1
8385	2
8386	1
8387	1
8388	1
8389	1
8390	1
8391	2
8392	2
8393	2
8394	1
8395	1
8396	1
8397	1
8398	1
8399	1
8400	2
8401	2
8402	1
8403	1
8404	2
8405	1
8406	1
8407	2
8408	2
8409	1
8410	1
8411	1
8412	1
8413	1
8414	2
8415	2
8416	1
8417	1
8418	2
8419	5
8420	2
8421	1
8422	1
8423	1
8424	1
8425	1
8426	2
8427	1
8428	1
8429	1
8430	1
8431	1
8432	2
8433	2
8434	2
8435	3
8436	5
8437	1
8438	1
8439	2
8440	1
8441	1
8442	1
8443	1
8444	1
8445	1
8446	2
8447	2
8448	1
8449	1
8450	2
8451	2
8452	1
8453	1
8454	1
8455	1
8456	1
8457	2
8458	1
8459	1
8460	2
8461	1
8462	1
8463	5
8464	1
8465	2
8466	1
8467	1
8468	1
8469	5
8470	1
8471	1
8472	2
8473	1
8474	1
8475	1
8476	5
8477	2
8478	2
8479	1
8480	2
8481	1
8482	2
8483	2
8484	1
8485	1
8486	2
8487	1
8488	1
8489	1
8490	1
8491	1
8492	2
8493	2
8494	1
8495	1
8496	1
8497	2
8498	1
8499	1
8500	1
8501	1
8502	1
8503	1
8504	1
8505	1
8506	1
8507	1
8508	1
8509	2
8510	5
8511	1
8512	1
8513	1
8514	1
8515	1
8516	1
8517	1
8518	1
8519	1
8520	2
8521	1
8522	1
8523	2
8524	1
8525	1
8526	1
8527	2
8528	1
8529	1
8530	1
8531	1
8532	2
8533	1
8534	1
8535	1
8536	1
8537	2
8538	1
8539	2
8540	2
8541	1
8542	1
8543	2
8544	3
8545	1
8546	2
8547	5
8548	2
8549	1
8550	1
8551	1
8552	2
8553	2
8554	1
8555	1
8556	1
8557	1
8558	2
8559	1
8560	1
8561	1
8562	1
8563	1
8564	2
8565	1
8566	2
8567	2
8568	1
8569	2
8570	1
8571	1
8572	1
8573	1
8574	1
8575	1
8576	1
8577	2
8578	1
8579	2
8580	2
8581	1
8582	1
8583	1
8584	2
8585	1
8586	2
8587	1
8588	2
8589	2
8590	1
8591	2
8592	1
8593	2
8594	1
8595	1
8596	1
8597	1
8598	1
8599	1
8600	1
8601	1
8602	1
8603	2
8604	1
8605	2
8606	5
8607	2
8608	1
8609	1
8610	1
8611	1
8612	1
8613	1
8614	1
8615	1
8616	2
8617	1
8618	2
8619	4
8620	2
8621	1
8622	1
8623	2
8624	2
8625	1
8626	2
8627	1
8628	2
8629	1
8630	1
8631	2
8632	1
8633	2
8634	1
8635	1
8636	1
8637	1
8638	1
8639	1
8640	5
8641	1
8642	5
8643	1
8644	1
8645	1
8646	1
8647	1
8648	1
8649	1
8650	1
8651	1
8652	2
8653	1
8654	1
8655	1
8656	1
8657	1
8658	1
8659	1
8660	1
8661	1
8662	2
8663	1
8664	5
8665	1
8666	1
8667	1
8668	2
8669	2
8670	1
8671	3
8672	1
8673	2
8674	1
8675	2
8676	1
8677	1
8678	1
8679	1
8680	1
8681	1
8682	1
8683	1
8684	1
8685	1
8686	1
8687	1
8688	1
8689	1
8690	1
8691	1
8692	3
8693	1
8694	1
8695	1
8696	1
8697	1
8698	2
8699	2
8700	2
8701	1
8702	1
8703	1
8704	2
8705	5
8706	1
8707	2
8708	2
8709	2
8710	1
8711	5
8712	2
8713	1
8714	1
8715	1
8716	2
8717	1
8718	1
8719	1
8720	2
8721	1
8722	1
8723	1
8724	1
8725	1
8726	1
8727	1
8728	1
8729	1
8730	1
8731	1
8732	1
8733	1
8734	1
8735	1
8736	2
8737	1
8738	1
8739	2
8740	4
8741	5
8742	1
8743	1
8744	1
8745	1
8746	2
8747	1
8748	2
8749	1
8750	2
8751	1
8752	2
8753	2
8754	1
8755	1
8756	1
8757	1
8758	1
8759	2
8760	2
8761	2
8762	1
8763	1
8764	2
8765	1
8766	1
8767	1
8768	1
8769	1
8770	2
8771	1
8772	1
8773	1
8774	2
8775	1
8776	5
8777	5
8778	1
8779	1
8780	1
8781	1
8782	1
8783	5
8784	1
8785	1
8786	1
8787	2
8788	1
8789	1
8790	5
8791	2
8792	2
8793	1
8794	2
8795	2
8796	1
8797	1
8798	1
8799	1
8800	2
8801	1
8802	1
8803	1
8804	1
8805	5
8806	1
8807	5
8808	1
8809	2
8810	3
8811	2
8812	1
8813	1
8814	1
8815	1
8816	1
8817	1
8818	1
8819	2
8820	2
8821	1
8822	1
8823	5
8824	1
8825	1
8826	1
8827	1
8828	1
8829	1
8830	2
8831	1
8832	2
8833	2
8834	1
8835	1
8836	1
8837	1
8838	1
8839	1
8840	1
8841	1
8842	2
8843	1
8844	2
8845	1
8846	1
8847	1
8848	2
8849	2
8850	1
8851	1
8852	2
8853	2
8854	1
8855	1
8856	2
8857	2
8858	1
8859	2
8860	1
8861	2
8862	1
8863	1
8864	2
8865	1
8866	2
8867	1
8868	2
8869	2
8870	1
8871	5
8872	1
8873	2
8874	1
8875	1
8876	1
8877	1
8878	1
8879	1
8880	1
8881	1
8882	2
8883	2
8884	1
8885	1
8886	1
8887	2
8888	2
8889	2
8890	2
8891	1
8892	2
8893	1
8894	2
8895	1
8896	1
8897	1
8898	2
8899	1
8900	5
8901	1
8902	1
8903	1
8904	1
8905	1
8906	2
8907	1
8908	1
8909	1
8910	1
8911	1
8912	2
8913	1
8914	1
8915	1
8916	1
8917	1
8918	1
8919	1
8920	1
8921	1
8922	1
8923	1
8924	1
8925	1
8926	1
8927	2
8928	2
8929	5
8930	1
8931	1
8932	1
8933	2
8934	1
8935	1
8936	1
8937	1
8938	1
8939	1
8940	1
8941	1
8942	1
8943	1
8944	4
8945	1
8946	2
8947	1
8948	1
8949	1
8950	1
8951	2
8952	2
8953	1
8954	1
8955	1
8956	2
8957	2
8958	1
8959	1
8960	2
8961	1
8962	1
8963	1
8964	1
8965	1
8966	1
8967	1
8968	2
8969	1
8970	1
8971	1
8972	1
8973	1
8974	1
8975	2
8976	1
8977	1
8978	1
8979	1
8980	1
8981	1
8982	2
8983	1
8984	1
8985	1
8986	1
8987	1
8988	1
8989	1
8990	5
8991	1
8992	1
8993	1
8994	5
8995	2
8996	1
8997	1
8998	2
8999	1
9000	1
9001	1
9002	1
9003	1
9004	2
9005	2
9006	4
9007	1
9008	1
9009	1
9010	1
9011	2
9012	1
9013	1
9014	3
9015	1
9016	1
9017	1
9018	2
9019	1
9020	1
9021	2
9022	1
9023	1
9024	1
9025	1
9026	2
9027	1
9028	1
9029	2
9030	1
9031	2
9032	1
9033	1
9034	1
9035	2
9036	1
9037	1
9038	1
9039	3
9040	1
9041	1
9042	1
9043	2
9044	1
9045	2
9046	2
9047	1
9048	2
9049	1
9050	1
9051	1
9052	1
9053	1
9054	1
9055	1
9056	1
9057	1
9058	1
9059	2
9060	2
9061	1
9062	1
9063	1
9064	1
9065	5
9066	1
9067	1
9068	1
9069	1
9070	1
9071	1
9072	1
9073	2
9074	5
9075	2
9076	1
9077	1
9078	5
9079	2
9080	1
9081	1
9082	1
9083	1
9084	2
9085	2
9086	1
9087	3
9088	1
9089	1
9090	1
9091	1
9092	1
9093	1
9094	1
9095	2
9096	1
9097	1
9098	1
9099	2
9100	1
9101	2
9102	1
9103	1
9104	2
9105	1
9106	1
9107	2
9108	2
9109	2
9110	1
9111	1
9112	2
9113	1
9114	2
9115	1
9116	1
9117	1
9118	1
9119	1
9120	2
9121	1
9122	2
9123	1
9124	1
9125	1
9126	1
9127	1
9128	1
9129	1
9130	1
9131	2
9132	1
9133	1
9134	2
9135	1
9136	2
9137	1
9138	1
9139	1
9140	2
9141	1
9142	1
9143	1
9144	1
9145	2
9146	1
9147	2
9148	1
9149	2
9150	1
9151	1
9152	1
9153	1
9154	1
9155	5
9156	1
9157	1
9158	1
9159	1
9160	2
9161	1
9162	1
9163	2
9164	1
9165	1
9166	5
9167	2
9168	1
9169	1
9170	5
9171	2
9172	2
9173	1
9174	1
9175	1
9176	1
9177	1
9178	1
9179	1
9180	1
9181	1
9182	1
9183	1
9184	1
9185	2
9186	1
9187	1
9188	1
9189	2
9190	1
9191	1
9192	2
9193	1
9194	1
9195	1
9196	1
9197	2
9198	2
9199	2
9200	2
9201	1
9202	1
9203	1
9204	1
9205	2
9206	2
9207	2
9208	1
9209	1
9210	1
9211	1
9212	2
9213	1
9214	1
9215	1
9216	1
9217	1
9218	1
9219	2
9220	2
9221	1
9222	1
9223	1
9224	2
9225	2
9226	2
9227	1
9228	1
9229	1
9230	1
9231	1
9232	1
9233	1
9234	5
9235	1
9236	1
9237	1
9238	1
9239	1
9240	1
9241	1
9242	1
9243	1
9244	2
9245	1
9246	1
9247	1
9248	1
9249	1
9250	3
9251	2
9252	1
9253	2
9254	2
9255	1
9256	1
9257	1
9258	1
9259	1
9260	1
9261	2
9262	1
9263	1
9264	1
9265	2
9266	1
9267	1
9268	1
9269	1
9270	2
9271	5
9272	1
9273	2
9274	1
9275	1
9276	1
9277	1
9278	1
9279	1
9280	1
9281	1
9282	1
9283	1
9284	1
9285	2
9286	2
9287	1
9288	2
9289	1
9290	1
9291	1
9292	5
9293	2
9294	1
9295	1
9296	2
9297	1
9298	1
9299	1
9300	1
9301	2
9302	2
9303	1
9304	1
9305	1
9306	2
9307	2
9308	1
9309	2
9310	1
9311	2
9312	2
9313	1
9314	1
9315	1
9316	1
9317	1
9318	2
9319	1
9320	1
9321	2
9322	2
9323	1
9324	1
9325	1
9326	1
9327	1
9328	1
9329	1
9330	1
9331	2
9332	1
9333	1
9334	2
9335	1
9336	2
9337	2
9338	1
9339	1
9340	1
9341	3
9342	1
9343	1
9344	1
9345	3
9346	2
9347	1
9348	1
9349	1
9350	1
9351	1
9352	1
9353	1
9354	1
9355	1
9356	1
9357	2
9358	1
9359	2
9360	2
9361	1
9362	2
9363	2
9364	1
9365	2
9366	3
9367	1
9368	1
9369	2
9370	4
9371	1
9372	1
9373	1
9374	1
9375	5
9376	1
9377	2
9378	1
9379	1
9380	1
9381	1
9382	1
9383	1
9384	1
9385	1
9386	1
9387	1
9388	1
9389	1
9390	1
9391	1
9392	1
9393	2
9394	2
9395	1
9396	1
9397	1
9398	1
9399	1
9400	1
9401	1
9402	5
9403	1
9404	1
9405	1
9406	2
9407	1
9408	2
9409	1
9410	1
9411	1
9412	2
9413	1
