2486   2235
2485	2469
2485	2470
2485	2471
2485	2472
2485	2473
2485	2474
2485	2475
2485	2476
2485	2477
2485	2478
2485	2479
2485	2480
2485	2481
2485	2482
2485	2483
2485	2484
2469	2235
2469	2236
2469	2237
2469	2238
2469	2239
2469	2240
2469	2241
2469	2242
2469	2243
2469	2244
2469	2245
2469	2246
2469	2247
2469	2248
2469	2249
2469	2250
2469	2251
2469	2252
2469	2253
2469	2254
2469	2255
2469	2256
2469	2257
2469	2258
2469	2259
2470	2260
2471	2261
2472	2262
2473	2263
2474	2264
2474	2265
2474	2266
2474	2267
2474	2268
2475	2269
2475	2270
2475	2271
2475	2272
2475	2273
2476	2274
2476	2275
2476	2276
2476	2277
2476	2278
2476	2279
2476	2280
2476	2281
2476	2282
2476	2283
2476	2284
2477	2285
2477	2286
2477	2287
2477	2288
2477	2289
2477	2290
2477	2291
2477	2292
2477	2293
2477	2294
2477	2295
2477	2296
2477	2297
2477	2298
2477	2299
2478	2300
2478	2301
2478	2302
2478	2303
2478	2304
2478	2305
2478	2306
2478	2307
2478	2308
2478	2309
2478	2310
2478	2311
2478	2312
2478	2313
2478	2314
2478	2315
2478	2316
2478	2317
2478	2318
2478	2319
2478	2320
2478	2321
2478	2322
2478	2323
2478	2324
2479	2325
2479	2326
2479	2327
2479	2328
2479	2329
2479	2330
2479	2331
2479	2332
2479	2333
2479	2334
2479	2335
2479	2336
2479	2337
2479	2338
2479	2339
2479	2340
2479	2341
2479	2342
2479	2343
2479	2344
2479	2345
2479	2346
2479	2347
2479	2348
2479	2349
2479	2350
2479	2351
2479	2352
2479	2353
2480	2354
2480	2355
2480	2356
2480	2357
2480	2358
2480	2359
2480	2360
2480	2361
2480	2362
2480	2363
2480	2364
2480	2365
2480	2366
2480	2367
2480	2368
2480	2369
2480	2370
2480	2371
2480	2372
2480	2373
2480	2374
2480	2375
2480	2376
2480	2377
2480	2378
2480	2379
2480	2380
2480	2381
2480	2382
2481	2383
2481	2384
2481	2385
2481	2386
2481	2387
2481	2388
2481	2389
2481	2390
2481	2391
2481	2392
2481	2393
2481	2394
2481	2395
2481	2396
2481	2397
2481	2398
2481	2399
2481	2400
2481	2401
2481	2402
2481	2403
2481	2404
2481	2405
2481	2406
2481	2407
2481	2408
2481	2409
2481	2410
2481	2411
2482	2412
2482	2413
2482	2414
2482	2415
2482	2416
2482	2417
2482	2418
2482	2419
2482	2420
2482	2421
2482	2422
2482	2423
2482	2424
2482	2425
2482	2426
2482	2427
2482	2428
2482	2429
2482	2430
2482	2431
2482	2432
2482	2433
2482	2434
2482	2435
2482	2436
2482	2437
2482	2438
2482	2439
2483	2440
2483	2441
2483	2442
2483	2443
2483	2444
2483	2445
2483	2446
2483	2447
2483	2448
2483	2449
2483	2450
2483	2451
2483	2452
2483	2453
2483	2454
2483	2455
2483	2456
2483	2457
2483	2458
2483	2459
2483	2460
2483	2461
2483	2462
2483	2463
2484	2464
2484	2465
2484	2466
2484	2467
2484	2468
2235	1537
2235	2051
2235	1030
2235	1543
2235	526
2235	1039
2235	2063
2235	2067
2235	1048
2235	2077
2235	541
2235	1058
2235	1573
2235	40
2235	1577
2235	2093
2235	1583
2235	48
2235	1584
2235	53
2235	1589
2235	567
2235	56
2235	1593
2235	1087
2235	1603
2235	588
2235	2124
2235	598
2235	1111
2235	602
2235	2142
2235	95
2235	607
2235	1639
2235	1643
2235	620
2235	110
2235	627
2235	1657
2235	1150
2235	1665
2235	2179
2235	2180
2235	1159
2235	1676
2235	1165
2235	1681
2235	2193
2235	1174
2235	2198
2235	2199
2235	665
2235	1691
2235	1693
2235	2205
2235	676
2235	2214
2235	1193
2235	1200
2235	1715
2235	1212
2235	1219
2235	708
2235	1230
2235	207
2235	719
2235	1236
2235	1755
2235	735
2235	226
2235	1764
2235	229
2235	1255
2235	1260
2235	241
2235	1778
2235	251
2235	764
2235	1790
2235	254
2235	1280
2235	1284
2235	1285
2235	1802
2235	779
2235	276
2235	791
2235	1818
2235	1311
2235	803
2235	1317
2235	1321
2235	299
2235	1325
2235	311
2235	1336
2235	1859
2235	325
2235	846
2235	340
2235	853
2235	1877
2235	1880
2235	1882
2235	864
2235	1900
2235	884
2235	373
2235	1400
2235	1913
2235	1924
2235	403
2235	410
2235	416
2235	419
2235	424
2235	431
2235	1455
2235	437
2235	439
2235	1978
2235	444
2235	454
2235	458
2235	974
2235	1999
2235	2001
2235	467
2235	985
2235	2013
2235	480
2235	995
2235	2020
2235	488
2235	493
2235	1520
2235	1522
2235	501
2235	1526
2235	2044
2236	1234
2236	2006
2237	41
2237	1923
2238	1305
2238	332
2238	1709
2238	1753
2238	411
2238	1759
2239	1197
2239	1895
2240	769
2241	1409
2241	1318
2241	519
2241	1674
2241	213
2241	1686
2241	949
2242	98
2242	1826
2242	997
2242	621
2242	685
2242	1327
2242	468
2242	889
2242	1307
2242	2109
2242	2046
2243	1373
2244	1751
2244	955
2244	2095
2245	8
2246	1075
2247	727
2248	2072
2248	1485
2248	1206
2248	448
2249	1304
2249	534
2249	1022
2250	1840
2250	2148
2251	1296
2251	459
2252	72
2252	1594
2252	180
2253	130
2253	1447
2253	2158
2253	86
2253	475
2253	2110
2254	2019
2254	1619
2254	243
2254	1429
2254	956
2254	572
2255	1096
2255	706
2255	1430
2255	866
2256	766
2257	925
2258	427
2258	878
2259	646
2260	1995
2261	263
2262	2153
2263	1968
2264	928
2264	291
2265	1871
2266	1728
2267	619
2268	2225
2269	1205
2269	1078
2270	2128
2271	1975
2272	1660
2273	173
2274	1488
2275	286
2276	160
2276	915
2276	156
2277	259
2278	2003
2279	545
2280	415
2281	1741
2281	1542
2282	1695
2283	139
2284	896
2284	1858
2285	1440
2285	2137
2285	2085
2285	857
2285	1209
2286	1984
2287	1659
2287	1076
2287	655
2288	1953
2289	673
2289	1529
2289	2190
2290	364
2290	2126
2291	865
2291	818
2291	1990
2291	1551
2292	1379
2292	2167
2293	65
2293	1946
2293	1389
2294	768
2294	363
2294	2222
2294	1044
2294	1909
2294	630
2294	1471
2295	2170
2295	614
2295	182
2295	390
2296	1329
2296	495
2297	282
2297	1461
2298	103
2298	720
2298	1586
2298	698
2298	1407
2299	968
2299	1226
2299	972
2299	1423
2299	1049
2299	922
2299	603
2300	771
2300	775
2300	935
2300	1705
2300	1808
2300	2032
2300	1782
2300	1815
2300	1014
2300	1881
2301	582
2302	1649
2302	26
2302	1394
2303	549
2303	455
2304	35
2304	1156
2304	93
2305	440
2305	284
2305	1773
2305	774
2306	1617
2306	547
2306	881
2306	1897
2307	2233
2307	36
2307	2117
2307	580
2307	293
2307	376
2307	892
2307	1740
2307	1711
2307	435
2307	2101
2307	1590
2307	2135
2307	342
2307	1689
2307	668
2308	675
2308	2052
2308	294
2308	1706
2308	555
2308	651
2308	810
2308	1837
2308	1263
2308	1264
2308	913
2308	1516
2308	494
2308	1428
2308	1143
2308	57
2309	1131
2309	652
2309	2195
2310	1222
2311	1921
2311	1315
2311	1303
2312	1889
2312	258
2312	322
2312	680
2312	137
2312	1710
2312	83
2312	1971
2312	1621
2313	450
2313	227
2313	1765
2313	2151
2313	1800
2313	1069
2313	305
2313	1843
2313	1268
2313	1013
2313	2012
2313	1533
2314	129
2314	106
2314	1229
2314	19
2314	1310
2315	1288
2315	1857
2315	312
2315	1100
2316	1352
2316	2211
2317	1835
2317	157
2317	2230
2318	1912
2318	1393
2318	934
2319	1634
2319	1187
2319	1700
2319	1250
2319	167
2319	1034
2319	11
2319	1836
2319	1422
2319	1775
2319	244
2319	535
2319	2139
2320	192
2320	289
2320	1376
2320	1888
2320	1672
2320	1704
2320	2090
2320	1833
2320	653
2320	398
2320	944
2320	849
2320	1587
2320	1367
2320	1752
2320	219
2320	893
2320	1982
2320	1727
2321	608
2321	2226
2322	317
2323	195
2323	452
2323	1029
2323	1071
2324	113
2324	1914
2324	292
2324	718
2325	194
2325	387
2325	2116
2325	1637
2325	1126
2325	1191
2325	616
2325	1737
2325	809
2325	906
2325	1987
2325	945
2325	406
2325	1112
2325	1474
2325	379
2325	1117
2326	1185
2326	1547
2326	125
2327	1848
2327	300
2327	1480
2327	2103
2328	899
2328	1717
2328	1119
2329	512
2329	1922
2329	1571
2329	1251
2329	1510
2329	73
2329	393
2329	845
2329	430
2329	1169
2329	1141
2329	693
2329	1973
2329	761
2329	826
2329	1308
2329	1566
2330	233
2330	482
2330	405
2331	2209
2331	1539
2331	1155
2331	1799
2331	1789
2331	349
2331	1550
2331	2172
2331	1629
2331	350
2332	1365
2332	613
2333	1415
2333	2184
2333	394
2333	523
2333	269
2333	910
2333	161
2333	162
2333	1574
2333	2088
2333	1578
2333	813
2333	1713
2333	186
2333	962
2333	324
2333	1221
2333	74
2333	1099
2333	1739
2333	1482
2333	971
2333	85
2333	1366
2333	119
2333	729
2333	1115
2333	618
2333	1391
2333	2162
2333	2165
2333	885
2333	1271
2333	2042
2334	2177
2334	1932
2334	2062
2334	1554
2334	402
2334	148
2334	661
2334	662
2334	1180
2334	1439
2334	2080
2334	1824
2334	1070
2334	303
2334	308
2334	1976
2334	61
2334	1856
2334	581
2334	328
2334	201
2334	1231
2334	1233
2334	1235
2334	724
2334	1747
2334	855
2334	472
2334	989
2334	991
2334	1382
2334	486
2334	237
2334	750
2334	369
2334	1781
2334	1397
2334	1019
2335	1194
2335	2119
2335	23
2336	546
2336	1378
2336	1733
2336	1354
2336	1387
2336	396
2336	1293
2336	1486
2336	1074
2336	146
2336	692
2336	212
2336	1011
2336	1431
2336	1402
2336	1567
2337	882
2337	611
2337	1813
2337	1038
2338	801
2338	1834
2339	696
2339	2083
2340	773
2340	909
2340	1552
2340	912
2340	408
2340	2079
2340	544
2340	556
2340	1855
2340	1610
2340	721
2340	337
2340	1749
2340	1494
2340	2136
2340	1240
2340	481
2340	996
2340	1508
2340	508
2340	754
2340	502
2340	380
2341	1443
2341	583
2341	744
2341	1257
2341	807
2341	1401
2341	907
2341	365
2341	558
2341	1512
2341	1106
2341	1555
2341	1523
2341	1467
2341	280
2341	1113
2341	1819
2342	738
2342	1667
2342	1988
2342	1893
2342	1190
2342	1862
2342	1576
2342	1869
2342	15
2342	850
2342	1203
2342	2005
2342	825
2342	124
2343	2146
2343	1661
2343	2189
2344	256
2344	643
2344	2053
2344	1286
2344	389
2344	1448
2344	2022
2344	1196
2344	400
2344	978
2344	1109
2344	1525
2344	2037
2344	1023
2344	31
2345	193
2345	710
2345	2219
2345	980
2345	854
2345	763
2345	1532
2346	257
2346	1701
2346	1289
2346	2223
2346	1875
2346	1756
2347	1760
2347	2049
2347	1890
2347	1347
2347	2216
2347	232
2347	1929
2347	511
2347	823
2347	238
2347	1326
2347	593
2347	2161
2347	1779
2347	979
2347	1239
2347	702
2347	863
2348	1928
2348	265
2348	267
2348	664
2348	2075
2348	28
2348	1947
2348	542
2348	287
2348	1319
2348	302
2348	690
2348	54
2348	1719
2348	55
2348	2232
2348	570
2348	2108
2348	1606
2348	1993
2348	842
2348	715
2348	1872
2348	1116
2348	990
2348	223
2348	1002
2348	1518
2348	1777
2348	2038
2348	631
2348	382
2349	465
2349	1450
2349	1963
2349	2132
2350	1687
2351	770
2351	1316
2351	1477
2351	746
2351	951
2352	384
2352	2145
2352	1095
2352	1079
2352	2173
2353	1061
2354	656
2354	1047
2354	924
2354	1949
2354	799
2354	1697
2354	37
2354	434
2354	1844
2354	181
2354	1596
2354	188
2354	446
2354	578
2354	1227
2354	1363
2354	852
2354	986
2354	1757
2354	1885
2354	375
2354	1646
2354	629
2354	1655
2354	632
2355	1827
2355	559
2355	1426
2355	1171
2355	886
2355	1983
2355	1822
2355	447
2356	420
2356	133
2356	423
2356	1144
2356	2140
2356	530
2356	2196
2356	1942
2356	728
2356	827
2356	60
2357	576
2357	1059
2357	1138
2357	659
2357	2102
2358	1807
2358	1680
2358	794
2358	1055
2358	1475
2358	1604
2358	1989
2358	2120
2358	716
2358	1102
2358	80
2358	1491
2358	89
2358	225
2358	355
2358	1507
2358	2021
2358	870
2358	1514
2358	1906
2358	1275
2358	1916
2358	1918
2359	2033
2359	531
2359	1411
2360	1065
2360	1652
2360	1175
2360	1721
2360	1114
2360	347
2360	222
2361	1343
2361	351
2362	640
2362	3
2362	7
2362	777
2362	12
2362	1785
2362	1046
2362	1531
2362	1177
2362	2081
2362	1698
2362	1829
2362	1535
2362	172
2362	687
2362	2099
2362	819
2362	58
2362	320
2362	2113
2362	1473
2362	835
2362	1481
2362	586
2362	1612
2362	469
2362	1500
2362	2143
2362	1631
2362	1635
2362	1636
2362	1392
2362	497
2362	2039
2362	633
2362	507
2362	895
2363	1408
2363	1421
2363	2078
2363	1950
2363	1186
2363	1444
2363	177
2363	565
2363	1718
2363	314
2363	187
2363	830
2363	1344
2363	717
2363	591
2363	214
2363	726
2363	1627
2363	476
2363	1123
2363	1892
2363	357
2363	748
2363	749
2363	622
2363	2163
2363	1396
2363	760
2363	2041
2363	1404
2363	126
2364	650
2364	1563
2364	1189
2364	966
2365	513
2365	66
2365	674
2365	963
2365	1442
2365	999
2365	1129
2365	428
2365	77
2365	2061
2365	366
2365	753
2365	1598
2365	127
2366	1915
2366	203
2366	1037
2366	1677
2366	1783
2366	635
2367	1735
2367	136
2367	1847
2367	270
2367	1399
2367	2168
2367	699
2367	94
2368	529
2368	767
2369	1025
2369	1173
2369	1438
2369	2210
2369	931
2369	1831
2369	1708
2369	1969
2369	1745
2369	1750
2369	88
2369	1371
2369	1884
2369	1375
2369	479
2369	740
2369	1509
2369	873
2369	381
2369	1658
2369	1021
2370	418
2370	1768
2370	670
2370	335
2370	623
2370	751
2370	1425
2370	563
2370	628
2370	117
2370	917
2370	87
2370	1464
2370	409
2370	1146
2370	859
2370	62
2371	1952
2371	1645
2371	461
2371	239
2371	1553
2371	1944
2371	1724
2372	1120
2372	2018
2372	657
2372	1238
2372	1878
2372	824
2372	1243
2373	515
2373	358
2373	2024
2373	969
2373	817
2373	2100
2373	1558
2373	343
2374	417
2374	329
2374	1688
2374	2002
2374	2071
2374	2231
2374	1080
2374	1246
2374	414
2375	800
2375	1217
2375	1128
2375	1192
2375	2091
2375	1874
2375	796
2375	1469
2375	958
2375	1887
2376	772
2376	138
2376	1939
2376	278
2376	32
2376	33
2376	1699
2376	677
2376	936
2376	681
2376	433
2376	1585
2376	1465
2376	59
2376	1852
2376	2112
2376	834
2376	1861
2376	1609
2376	76
2376	590
2376	1495
2376	605
2376	1630
2376	2014
2376	101
2376	747
2376	498
2376	116
2376	500
2376	756
2376	1524
2376	1272
2376	1274
2376	2171
2377	1664
2377	900
2377	1170
2377	275
2377	1816
2377	667
2377	929
2377	436
2377	568
2377	954
2377	1210
2377	1854
2377	1600
2377	2118
2377	2121
2377	1097
2377	1867
2377	1868
2377	847
2377	464
2377	82
2377	211
2377	1503
2377	353
2377	234
2377	2026
2377	624
2377	115
2377	371
2377	1018
2377	639
2378	1073
2378	1163
2378	22
2378	1339
2379	1568
2380	1090
2380	1000
2380	524
2380	1042
2380	509
2380	1694
2380	1151
2381	1410
2381	2185
2381	1225
2381	1997
2381	1362
2381	1618
2381	1626
2381	27
2382	704
2382	100
2382	713
2382	812
2382	112
2382	1105
2382	543
2383	1413
2383	262
2383	135
2383	647
2383	776
2383	1541
2383	1291
2383	1167
2383	914
2383	1043
2383	1172
2383	285
2383	1309
2383	1437
2383	1696
2383	1314
2383	937
2383	938
2383	1841
2383	51
2383	948
2383	1077
2383	1716
2383	2104
2383	185
2383	1083
2383	573
2383	63
2383	1602
2383	70
2383	839
2383	1484
2383	81
2383	209
2383	984
2383	90
2383	1247
2383	2023
2383	361
2383	1903
2383	1136
2383	2034
2383	249
2383	890
2383	123
2383	2175
2384	1530
2384	30
2384	743
2385	1472
2385	1792
2385	131
2385	678
2385	1725
2385	1830
2385	205
2385	496
2385	1907
2385	52
2385	1017
2385	250
2385	252
2385	765
2385	1599
2386	2182
2386	2217
2386	44
2386	47
2386	1904
2386	2194
2386	2068
2386	1851
2386	606
2387	359
2387	1416
2387	1098
2387	683
2387	235
2387	397
2387	1068
2387	815
2387	1581
2387	1743
2387	1650
2387	1492
2387	1588
2387	1876
2387	919
2387	1940
2387	1406
2388	1262
2388	781
2388	637
2388	2174
2389	321
2389	451
2389	836
2389	268
2389	1774
2390	484
2390	711
2390	1256
2390	1898
2390	625
2390	1050
2391	1504
2392	1540
2392	1669
2392	2054
2392	1797
2392	1035
2392	1675
2392	532
2392	538
2392	540
2392	927
2392	1955
2392	164
2392	1445
2392	1702
2392	169
2392	1323
2392	1966
2392	432
2392	1072
2392	178
2392	1972
2392	1595
2392	1981
2392	1342
2392	1726
2392	200
2392	456
2392	841
2392	1490
2392	2131
2392	1879
2392	858
2392	2011
2392	2150
2392	230
2392	617
2392	1386
2392	877
2392	1776
2392	1140
2392	1277
2393	1927
2393	1418
2393	658
2393	1436
2393	421
2393	166
2393	1832
2393	947
2393	1208
2393	1977
2393	707
2393	714
2393	970
2393	596
2393	215
2393	1368
2393	1498
2393	2141
2393	1252
2393	231
2393	105
2393	1901
2393	752
2393	1654
2393	638
2394	1611
2394	1092
2394	1679
2395	579
2395	1731
2395	1093
2395	2087
2395	1033
2395	1003
2395	2156
2395	1964
2395	1487
2395	370
2395	660
2395	1237
2395	377
2395	730
2395	1341
2395	478
2395	191
2396	1088
2396	1544
2396	2229
2396	1591
2396	25
2396	383
2397	1153
2397	1961
2397	266
2397	1324
2397	1454
2397	1334
2397	255
2398	128
2398	1
2398	1089
2398	1730
2398	1028
2398	1793
2398	1292
2398	1804
2398	2064
2398	17
2398	242
2398	1040
2398	1653
2398	888
2398	1435
2399	1506
2399	1162
2399	45
2399	2221
2399	2191
2399	1135
2399	1201
2399	1714
2399	1936
2399	506
2399	860
2399	1662
2399	1791
2400	705
2400	2147
2400	1511
2400	648
2400	2089
2400	1160
2400	1767
2400	684
2400	880
2400	1052
2400	861
2401	1152
2401	2084
2401	712
2401	1996
2401	1623
2401	1754
2401	1434
2401	1499
2401	1534
2402	288
2402	1638
2402	2215
2402	1670
2402	1644
2402	2028
2402	1582
2402	1849
2402	634
2402	1015
2402	952
2402	697
2402	2202
2402	2204
2402	2045
2402	2206
2403	672
2403	4
2403	264
2403	2122
2403	1905
2403	1335
2403	536
2404	1036
2404	806
2405	1538
2405	1412
2405	2181
2405	1938
2405	20
2405	152
2405	1183
2405	2208
2405	290
2405	1060
2405	1956
2405	1446
2405	1449
2405	2098
2405	564
2405	2111
2405	64
2405	577
2405	323
2405	1220
2405	2127
2405	1232
2405	987
2405	1372
2405	221
2405	869
2405	1127
2405	1133
2406	2
2406	1666
2406	778
2406	395
2406	1549
2406	144
2406	1810
2406	792
2406	281
2406	1176
2406	1565
2406	932
2406	1320
2406	1195
2406	1579
2406	1199
2406	1456
2406	1204
2406	1081
2406	2107
2406	844
2406	1613
2406	78
2406	336
2406	723
2406	2007
2406	473
2406	988
2406	99
2406	1125
2406	1896
2406	1641
2406	1258
2406	875
2406	2025
2406	1780
2406	247
2407	1811
2407	1101
2408	589
2409	832
2409	69
2409	843
2409	814
2409	401
2409	1556
2409	1784
2409	1948
2410	295
2410	1020
2410	694
2410	503
2410	1340
2411	1690
2411	460
2411	2220
2411	1253
2412	0
2412	2050
2412	1026
2412	516
2412	527
2412	2070
2412	1559
2412	1560
2412	537
2412	1561
2412	1564
2412	1056
2412	1569
2412	1570
2412	552
2412	1066
2412	43
2412	1067
2412	1580
2412	560
2412	566
2412	569
2412	571
2412	1084
2412	1597
2412	1607
2412	75
2412	587
2412	2125
2412	79
2412	1103
2412	1615
2412	1622
2412	600
2412	2138
2412	1118
2412	97
2412	2149
2412	102
2412	615
2412	1640
2412	1142
2412	120
2412	1145
2412	122
2412	1147
2412	1668
2412	1673
2412	2187
2412	2188
2412	1682
2412	1684
2412	155
2412	1179
2412	2207
2412	1184
2412	688
2412	1202
2412	691
2412	1211
2412	189
2412	1218
2412	196
2412	709
2412	198
2412	199
2412	1732
2412	1734
2412	1738
2412	206
2412	208
2412	1744
2412	210
2412	722
2412	220
2412	734
2412	1758
2412	737
2412	741
2412	1254
2412	1259
2412	1771
2412	1772
2412	1266
2412	1267
2412	1269
2412	1270
2412	1273
2412	1279
2412	1794
2412	1796
2412	1287
2412	1803
2412	780
2412	1805
2412	785
2412	1821
2412	1312
2412	804
2412	811
2412	1838
2412	816
2412	1332
2412	309
2412	1338
2412	1348
2412	326
2412	1351
2412	1864
2412	1353
2412	330
2412	1357
2412	1870
2412	1361
2412	851
2412	345
2412	1883
2412	348
2412	352
2412	1377
2412	867
2412	1384
2412	362
2412	874
2412	876
2412	1388
2412	374
2412	1911
2412	1403
2412	1405
2412	894
2412	385
2412	897
2412	1931
2412	1935
2412	1427
2412	916
2412	1943
2412	1432
2412	1433
2412	412
2412	422
2412	426
2412	1965
2412	942
2412	1460
2412	1462
2412	1974
2412	953
2412	443
2412	1470
2412	1994
2412	463
2412	1502
2412	992
2412	994
2412	1001
2412	490
2412	492
2412	1005
2412	1006
2412	2029
2412	2031
2412	499
2412	510
2413	296
2413	557
2413	1390
2413	1041
2413	118
2413	1241
2414	1769
2414	301
2414	1934
2414	1812
2414	153
2415	993
2415	2010
2415	829
2416	68
2416	1381
2416	2056
2416	521
2416	939
2416	1453
2416	911
2416	2129
2416	1886
2416	2227
2416	1107
2416	2133
2416	1685
2416	983
2416	1592
2416	862
2416	1663
2417	585
2417	1860
2417	1513
2417	1414
2418	333
2418	654
2418	973
2418	789
2418	891
2418	1980
2418	798
2419	184
2420	1536
2420	644
2420	1671
2420	1930
2420	1164
2420	782
2420	1294
2420	273
2420	149
2420	1045
2420	1814
2420	1178
2420	154
2420	1057
2420	2218
2420	1967
2420	1712
2420	833
2420	204
2420	594
2420	1364
2420	471
2420	731
2420	1762
2420	1137
2420	246
2420	2043
2420	1919
2421	2144
2421	739
2421	1157
2421	2086
2421	327
2421	742
2421	1865
2421	1130
2421	2123
2421	626
2421	438
2421	1656
2421	1497
2421	1951
2421	91
2421	1214
2421	1823
2422	701
2423	1121
2423	386
2423	1380
2423	612
2423	1493
2423	700
2424	1328
2425	224
2425	1004
2426	868
2426	165
2426	1124
2426	1496
2426	1417
2426	682
2426	1707
2426	1899
2426	1517
2426	1198
2426	50
2426	1299
2426	2035
2426	822
2426	1086
2426	1820
2426	926
2427	548
2427	1605
2427	1894
2427	1479
2427	1957
2427	1322
2427	429
2427	1134
2427	1358
2427	368
2427	1008
2427	1648
2427	981
2427	666
2428	2055
2428	298
2428	1806
2428	111
2428	1489
2429	2016
2429	1483
2429	759
2429	1624
2429	828
2429	253
2430	1283
2430	837
2430	1062
2430	903
2430	905
2430	1801
2430	174
2430	1519
2430	977
2431	514
2431	1863
2431	943
2431	528
2431	1330
2431	277
2431	1149
2432	1920
2432	132
2432	550
2432	1031
2432	1010
2432	441
2432	636
2432	413
2432	319
2433	649
2433	2059
2433	140
2433	147
2433	2197
2433	920
2433	2073
2433	1063
2433	689
2433	1970
2433	307
2433	2228
2433	1223
2433	462
2433	466
2433	597
2433	344
2433	2008
2433	1370
2433	477
2433	1763
2433	2152
2433	2154
2433	372
2433	2047
2434	1216
2434	1986
2434	10
2434	941
2434	1457
2434	1298
2434	2164
2434	245
2434	982
2434	1333
2435	671
2435	887
2435	341
2435	407
2436	1795
2436	1420
2436	1166
2437	592
2438	1424
2438	2076
2438	1300
2438	998
2439	1051
2439	171
2439	179
2440	2048
2440	1027
2440	5
2440	6
2440	517
2440	1528
2440	9
2440	2057
2440	1546
2440	2060
2440	13
2440	14
2440	525
2440	21
2440	533
2440	1562
2440	1053
2440	1054
2440	38
2440	39
2440	551
2440	553
2440	1064
2440	1575
2440	49
2440	2097
2440	562
2440	2105
2440	574
2440	1601
2440	2114
2440	67
2440	2115
2440	1094
2440	71
2440	1608
2440	1104
2440	1616
2440	2130
2440	84
2440	1620
2440	599
2440	1625
2440	604
2440	1628
2440	96
2440	1632
2440	104
2440	107
2440	2155
2440	109
2440	1647
2440	2160
2440	114
2440	1139
2440	2169
2440	2176
2440	642
2440	1154
2440	645
2440	1158
2440	2186
2440	145
2440	663
2440	2200
2440	2201
2440	1692
2440	669
2440	159
2440	163
2440	2212
2440	1188
2440	1703
2440	2224
2440	1720
2440	1722
2440	1213
2440	1729
2440	1736
2440	202
2440	1228
2440	725
2440	1242
2440	732
2440	1245
2440	736
2440	240
2440	1265
2440	755
2440	757
2440	762
2440	1788
2440	1798
2440	271
2440	274
2440	786
2440	787
2440	788
2440	790
2440	1302
2440	297
2440	306
2440	1331
2440	1845
2440	313
2440	1850
2440	315
2440	316
2440	318
2440	831
2440	1346
2440	1350
2440	840
2440	1356
2440	334
2440	1359
2440	1873
2440	338
2440	1891
2440	356
2440	871
2440	360
2440	872
2440	1383
2440	1902
2440	367
2440	879
2440	1395
2440	378
2440	1917
2440	1926
2440	392
2440	904
2440	1419
2440	908
2440	1937
2440	404
2440	1945
2440	933
2440	1958
2440	1960
2440	425
2440	1962
2440	940
2440	1452
2440	442
2440	1466
2440	1979
2440	957
2440	1985
2440	453
2440	965
2440	1478
2440	975
2440	976
2440	2004
2440	470
2440	2009
2440	474
2440	2015
2440	2017
2440	487
2440	1515
2440	2027
2440	1012
2440	2036
2440	1527
2440	1016
2441	197
2441	518
2441	143
2442	902
2442	2058
2442	522
2442	1168
2442	2065
2442	795
2442	34
2442	2213
2442	820
2442	1082
2442	1085
2442	1215
2442	575
2442	964
2442	838
2442	1746
2442	1501
2442	1122
2442	2159
2442	1521
2442	758
2442	1148
2443	190
2444	961
2444	901
2444	1766
2444	745
2444	1161
2444	1742
2444	175
2444	16
2444	783
2444	339
2444	793
2444	2234
2445	2106
2446	1282
2446	388
2446	261
2446	1545
2446	142
2446	399
2446	1941
2446	918
2446	151
2446	1182
2446	2082
2446	930
2446	1959
2446	2094
2446	2096
2446	946
2446	310
2446	1207
2446	1337
2446	1853
2446	960
2446	1991
2446	331
2446	2000
2446	1369
2446	1761
2446	1385
2446	491
2446	108
2446	1132
2446	2030
2446	1651
2446	1908
2446	1787
2447	520
2447	1032
2447	1933
2447	1295
2447	272
2447	1557
2447	150
2447	1817
2447	539
2447	29
2447	158
2447	1313
2447	805
2447	170
2447	1451
2447	561
2447	1463
2447	1476
2447	584
2447	1224
2447	1998
2447	601
2447	217
2447	218
2447	1248
2447	483
2447	236
2447	1009
2447	1910
2448	391
2449	1842
2450	1441
2451	1374
2452	1825
2452	1572
2452	42
2452	1770
2452	784
2452	848
2452	1297
2452	2166
2452	2134
2452	216
2452	1278
2452	959
2453	609
2453	1249
2453	1345
2453	1633
2453	1786
2453	1548
2453	2192
2453	595
2453	1748
2453	821
2453	1110
2453	279
2453	183
2453	921
2454	610
2454	2092
2454	141
2454	1614
2454	1809
2454	1458
2454	950
2454	2040
2454	797
2455	1992
2455	18
2455	1468
2456	1024
2456	354
2456	485
2456	1349
2456	168
2456	457
2456	489
2456	1839
2456	2069
2456	504
2456	2074
2456	923
2456	733
2457	1866
2457	1683
2457	2157
2458	641
2458	228
2458	260
2458	679
2458	554
2458	1261
2458	1846
2458	856
2458	1306
2458	1723
2458	1276
2459	1505
2459	2178
2459	1091
2459	1828
2459	1925
2459	1954
2459	808
2459	1290
2459	1355
2459	686
2459	1007
2459	1459
2459	1301
2459	1181
2459	1398
2459	24
2459	2203
2459	445
2460	898
2460	134
2460	2183
2460	1642
2460	505
2460	46
2460	1678
2460	1360
2460	2066
2460	1244
2460	1108
2460	121
2460	346
2460	283
2460	92
2460	703
2461	304
2462	176
2463	248
2463	695
2464	1281
2465	802
2466	449
2467	967
2468	883
