1180	1022
1022	0
1022	1027
1022	29
1022	48
1022	71
1022	97
1022	111
1022	163
1022	165
1022	232
1022	262
1022	331
1022	348
1022	381
1022	429
1022	431
1022	450
1022	515
1022	1115
1022	608
1022	623
1022	643
1022	645
1022	1164
1022	1119
1022	751
1022	756
1022	814
1022	1053
1022	868
1022	915
1022	967
1022	1009
1022	1025
1023	1
1179	1024
1179	22
1179	33
1179	49
1179	57
1179	58
1179	59
1179	69
1179	76
1179	84
1179	91
1179	102
1179	122
1179	130
1179	137
1179	140
1179	144
1179	155
1179	156
1179	157
1179	162
1179	170
1179	175
1179	178
1179	180
1179	186
1179	187
1179	1107
1179	197
1179	200
1179	1110
1179	208
1179	212
1179	217
1179	223
1179	227
1179	229
1179	230
1179	239
1179	244
1179	247
1179	258
1179	1108
1179	265
1179	268
1179	276
1179	277
1179	279
1179	280
1179	282
1179	283
1179	286
1179	287
1179	288
1179	295
1179	296
1179	298
1179	307
1179	308
1179	309
1179	312
1179	315
1179	318
1179	319
1179	323
1179	328
1179	335
1179	336
1179	339
1179	343
1179	345
1179	346
1179	355
1179	365
1179	367
1179	368
1179	372
1179	376
1179	377
1179	380
1179	387
1179	388
1179	392
1179	403
1179	1145
1179	420
1179	425
1179	1036
1179	436
1179	438
1179	1133
1179	448
1179	1081
1179	451
1179	1034
1179	1151
1179	1106
1179	461
1179	462
1179	465
1179	1022
1179	468
1179	469
1179	470
1179	1070
1179	475
1179	479
1179	482
1179	487
1179	492
1179	500
1179	501
1179	506
1179	517
1179	1155
1179	533
1179	535
1179	536
1179	1087
1179	549
1179	551
1179	555
1179	556
1179	566
1179	568
1179	570
1179	578
1179	580
1179	584
1179	585
1179	587
1179	1121
1179	597
1179	1051
1179	605
1179	1056
1179	631
1179	636
1179	1165
1179	641
1179	646
1179	648
1179	651
1179	663
1179	1028
1179	667
1179	668
1179	670
1179	672
1179	682
1179	683
1179	684
1179	686
1179	700
1179	702
1179	703
1179	708
1179	720
1179	723
1179	1158
1179	735
1179	739
1179	744
1179	745
1179	747
1179	750
1179	752
1179	753
1179	762
1179	769
1179	771
1179	772
1179	773
1179	774
1179	777
1179	780
1179	781
1179	785
1179	786
1179	790
1179	1102
1179	791
1179	793
1179	795
1179	798
1179	1079
1179	808
1179	819
1179	823
1179	825
1179	1172
1179	837
1179	1170
1179	849
1179	853
1179	860
1179	863
1179	865
1179	877
1179	879
1179	880
1179	891
1179	898
1179	901
1179	1122
1179	912
1179	1044
1179	922
1179	1111
1179	1160
1179	924
1179	1083
1179	1113
1179	925
1179	927
1179	1176
1179	930
1179	946
1179	949
1179	956
1179	957
1179	964
1179	971
1179	973
1179	977
1179	978
1179	979
1179	1150
1179	1162
1179	990
1179	1080
1179	1078
1179	1001
1179	1004
1179	1005
1179	1006
1179	1007
1179	1131
1179	1013
1179	1071
1179	1019
1179	1177
1179	1021
1024	817
1025	1026
1025	1035
1025	78
1025	108
1025	191
1025	211
1025	271
1025	354
1025	601
1025	617
1025	656
1025	662
1025	734
1025	737
1025	836
1025	950
1026	3
1026	174
1026	341
1026	456
1027	366
1028	2
1028	16
1028	20
1028	60
1028	66
1028	1089
1028	169
1028	171
1028	203
1028	215
1028	1084
1028	228
1028	235
1028	241
1028	1033
1028	266
1028	342
1028	344
1028	352
1028	396
1028	427
1028	1085
1028	443
1028	471
1028	505
1028	534
1028	542
1028	548
1028	552
1028	1152
1028	574
1028	596
1028	1059
1028	620
1028	634
1028	665
1028	707
1028	729
1028	741
1028	758
1028	787
1028	844
1028	918
1028	936
1028	942
1028	992
1029	4
1029	18
1029	35
1029	85
1029	146
1029	153
1029	182
1029	198
1029	201
1029	210
1029	214
1029	221
1029	231
1029	234
1029	236
1029	263
1029	1128
1029	432
1029	433
1029	491
1029	1134
1029	508
1029	1157
1029	583
1029	615
1029	621
1029	685
1029	696
1029	722
1029	733
1029	792
1029	818
1029	867
1029	890
1029	900
1029	914
1030	5
1030	23
1030	1140
1030	421
1030	725
1030	742
1030	887
1031	6
1032	7
1032	1054
1032	56
1032	284
1032	399
1032	404
1032	675
1032	820
1033	8
1033	261
1033	466
1034	9
1034	10
1034	11
1034	12
1034	13
1034	21
1034	1043
1034	25
1034	37
1034	44
1034	50
1034	52
1034	61
1034	62
1034	65
1034	72
1034	73
1034	74
1034	75
1034	1069
1034	80
1034	92
1034	94
1034	95
1034	104
1034	107
1034	119
1034	131
1034	150
1034	1096
1034	160
1034	167
1034	173
1034	1104
1034	195
1034	213
1034	224
1034	226
1034	233
1034	242
1034	250
1034	254
1034	1031
1034	255
1034	257
1034	264
1034	269
1034	303
1034	304
1034	310
1034	330
1034	332
1034	333
1034	334
1034	1132
1034	351
1034	358
1034	359
1034	360
1034	363
1034	369
1034	370
1034	371
1034	1135
1034	1138
1034	1073
1034	406
1034	407
1034	410
1034	411
1034	415
1034	418
1034	423
1034	428
1034	430
1034	437
1034	1148
1034	444
1034	447
1034	464
1034	1153
1034	472
1034	474
1034	477
1034	478
1034	481
1034	484
1034	485
1034	489
1034	1032
1034	496
1034	498
1034	499
1034	503
1034	509
1034	512
1034	519
1034	522
1034	1141
1034	527
1034	532
1034	543
1034	545
1034	554
1034	560
1034	571
1034	575
1034	586
1034	591
1034	593
1034	603
1034	604
1034	613
1034	614
1034	616
1034	625
1034	1082
1034	633
1034	635
1034	642
1034	649
1034	654
1034	655
1034	659
1034	664
1034	1041
1034	676
1034	678
1034	1046
1034	695
1034	698
1034	1072
1034	704
1034	705
1034	1137
1034	717
1034	719
1034	736
1034	740
1034	754
1034	755
1034	757
1034	767
1034	776
1034	796
1034	1030
1034	807
1034	822
1034	831
1034	1065
1034	835
1034	1116
1034	839
1034	842
1034	847
1034	850
1034	854
1034	1099
1034	861
1034	862
1034	864
1034	869
1034	870
1034	873
1034	1050
1034	881
1034	882
1034	884
1034	1144
1034	885
1034	888
1034	894
1034	1100
1034	897
1034	902
1034	1112
1034	911
1034	916
1034	921
1034	1127
1034	929
1034	933
1034	934
1034	935
1034	939
1034	940
1034	943
1034	954
1034	955
1034	960
1034	1126
1034	1178
1034	1098
1034	1042
1034	972
1034	980
1034	981
1034	987
1034	988
1034	1175
1034	1039
1034	991
1034	999
1034	1014
1034	1015
1034	1016
1034	1017
1035	373
1035	486
1035	529
1035	573
1036	14
1036	38
1036	142
1036	205
1036	275
1036	340
1036	452
1036	457
1036	483
1036	502
1036	749
1036	765
1036	784
1036	801
1036	851
1036	883
1036	1037
1037	15
1037	93
1037	116
1037	196
1037	291
1037	1063
1037	766
1037	834
1037	920
1037	1077
1037	952
1037	963
1037	985
1038	17
1038	127
1038	305
1038	812
1039	1040
1039	398
1039	789
1039	1090
1039	995
1039	1003
1039	1008
1040	637
1041	19
1041	1049
1041	87
1041	115
1041	243
1041	402
1041	493
1041	518
1041	732
1041	763
1041	828
1042	24
1042	79
1042	103
1042	539
1042	558
1042	714
1042	738
1042	876
1042	951
1042	974
1042	975
1043	188
1044	1045
1044	31
1044	189
1044	389
1044	561
1044	563
1044	1163
1044	1052
1044	639
1044	693
1044	721
1044	727
1044	1105
1045	507
1046	26
1046	46
1046	1068
1046	98
1046	128
1046	1086
1046	248
1046	320
1046	329
1046	337
1046	349
1046	357
1046	361
1046	386
1046	400
1046	530
1046	1092
1046	622
1046	640
1046	661
1046	1109
1046	680
1046	701
1046	726
1046	764
1046	802
1046	827
1046	874
1046	886
1046	938
1046	1174
1046	997
1046	998
1046	1011
1047	27
1047	86
1047	194
1047	1130
1047	375
1047	449
1047	677
1047	1095
1047	1097
1048	28
1048	55
1048	70
1048	105
1048	124
1048	325
1048	511
1048	840
1049	889
1050	30
1050	1057
1050	64
1050	106
1050	117
1050	1088
1050	135
1050	145
1050	154
1050	181
1050	183
1050	206
1050	259
1050	306
1050	379
1050	397
1050	409
1050	413
1050	426
1050	1136
1050	594
1050	638
1050	669
1050	706
1050	730
1050	838
1050	871
1050	923
1050	937
1050	941
1050	958
1050	968
1050	982
1051	32
1051	77
1051	125
1051	129
1051	240
1051	1066
1051	435
1051	440
1051	510
1051	660
1051	846
1051	961
1052	34
1052	405
1053	36
1053	83
1053	152
1053	251
1053	252
1053	1118
1053	297
1053	299
1053	1061
1053	1139
1053	416
1053	1123
1053	1156
1053	521
1053	528
1053	1114
1053	599
1053	610
1053	647
1053	694
1053	1146
1053	866
1053	909
1054	408
1055	39
1055	746
1056	40
1056	434
1056	989
1057	41
1057	177
1057	497
1057	565
1058	42
1058	476
1058	490
1058	547
1058	826
1059	43
1060	45
1061	47
1062	51
1063	53
1063	101
1063	134
1063	143
1063	148
1063	218
1063	289
1063	301
1063	321
1063	324
1063	541
1063	589
1063	759
1063	858
1063	878
1063	917
1063	993
1063	1149
1064	54
1064	1117
1064	458
1064	526
1064	567
1064	653
1064	1171
1065	63
1065	600
1066	67
1066	690
1067	68
1067	99
1068	692
1069	1076
1069	1067
1070	81
1070	168
1070	246
1070	260
1070	1055
1070	313
1070	1142
1070	417
1070	1075
1070	1161
1070	1094
1070	1168
1070	748
1070	1166
1070	778
1070	1038
1070	856
1070	896
1070	966
1070	969
1070	986
1070	1048
1071	82
1072	88
1072	96
1072	113
1072	164
1072	184
1072	1074
1072	209
1072	219
1072	245
1072	302
1072	350
1072	1143
1072	414
1072	455
1072	1103
1072	520
1072	524
1072	525
1072	531
1072	538
1072	550
1072	564
1072	576
1072	577
1072	598
1072	602
1072	612
1072	619
1072	632
1072	1064
1072	658
1072	666
1072	671
1072	673
1072	674
1072	689
1072	697
1072	709
1072	715
1072	724
1072	770
1072	1167
1072	794
1072	1147
1072	845
1072	852
1072	855
1072	893
1072	945
1072	947
1072	962
1072	970
1072	1029
1072	996
1072	1000
1073	89
1073	225
1073	595
1074	90
1074	190
1074	253
1074	401
1074	460
1074	932
1074	1060
1075	100
1075	1101
1075	516
1075	553
1075	699
1075	875
1075	976
1076	390
1076	810
1077	109
1077	267
1077	442
1078	110
1078	473
1078	713
1078	919
1079	112
1079	285
1080	114
1080	326
1080	1159
1080	905
1081	118
1081	161
1081	207
1082	120
1082	132
1082	293
1082	385
1082	562
1082	588
1082	618
1082	797
1082	805
1082	1002
1083	121
1083	204
1083	1154
1083	546
1083	609
1083	712
1083	718
1083	1047
1083	1012
1084	123
1084	316
1084	800
1084	833
1085	126
1086	559
1087	133
1087	454
1087	590
1088	292
1089	384
1090	136
1091	138
1091	311
1092	139
1093	141
1093	928
1093	953
1094	147
1095	149
1095	216
1096	688
1097	151
1098	158
1098	657
1099	159
1100	166
1100	353
1100	445
1100	540
1100	824
1100	908
1101	172
1102	176
1102	290
1102	1093
1102	513
1102	624
1102	630
1102	711
1102	782
1102	832
1102	1173
1103	179
1103	274
1103	281
1103	317
1103	395
1103	1058
1103	1091
1103	652
1103	809
1104	327
1105	185
1106	192
1106	273
1106	347
1106	394
1107	238
1108	193
1108	848
1109	199
1110	582
1110	626
1110	650
1110	816
1110	906
1111	202
1111	644
1112	220
1112	1129
1112	1124
1112	716
1112	731
1112	788
1112	895
1113	222
1113	892
1114	237
1115	249
1115	391
1115	1169
1116	256
1116	775
1116	811
1116	830
1116	984
1117	592
1118	779
1119	270
1120	272
1121	278
1122	1062
1123	294
1124	1125
1124	322
1124	362
1124	760
1124	821
1124	944
1125	829
1126	300
1126	799
1127	314
1127	356
1127	446
1127	679
1127	783
1128	913
1129	495
1130	859
1131	338
1132	374
1132	611
1133	364
1134	378
1135	494
1136	382
1137	383
1137	424
1137	931
1138	459
1139	467
1140	480
1141	393
1142	504
1143	899
1143	910
1144	412
1144	628
1144	1120
1145	422
1145	710
1145	841
1146	419
1146	681
1146	843
1147	439
1147	537
1148	557
1149	441
1150	453
1151	606
1151	857
1152	463
1153	629
1154	1020
1155	488
1155	813
1156	872
1157	579
1157	581
1157	607
1158	514
1159	523
1160	544
1161	569
1162	572
1162	1010
1163	1023
1163	768
1163	815
1164	627
1165	806
1166	687
1167	691
1167	803
1168	804
1169	907
1170	728
1170	743
1171	761
1172	994
1173	903
1173	983
1174	904
1175	926
1176	1018
1177	948
1177	959
1178	965
